st_cd	year	lhpi_real	lpci_real	pgr		rcb
1	1976	4.659822	1.921818	.0152802	.0004893
1	1977	4.696801	1.946965	.0121098	-.025398
1	1978	4.71117	1.983719	.0134924	-.0044333
1	1979	4.711843	1.979713	.0091709	-.0079657
1	1980	4.60517	1.939461	.0079601	.0845153
1	1981	4.534422	1.92223	.0046464	.0801881
1	1982	4.474517	1.925556	.001716	.1434867
1	1983	4.483244	1.951111	.0022488	.0560509
1	1984	4.49965	2.010376	.0044951	.0591117
1	1985	4.478674	2.026609	.0052234	.089698
1	1986	4.505661	2.045588	.0047837	.03506
1	1987	4.512012	2.055156	.0059182	.0268407
1	1988	4.504178	2.098679	.0021346	.0616066
1	1989	4.471966	2.127091	.0015835	.0768561
1	1990	4.446696	2.140221	.0049097	.0639182
1	1991	4.445951	2.157949	.0120506	.0502531
1	1992	4.466653	2.196642	.013294	.0306466
1	1993	4.473806	2.189152	.0143852	.0240789
1	1994	4.486289	2.21207	.0108627	.0222656
1	1995	4.49819	2.228721	.0085476	.037671
1	1996	4.505066	2.226619	.0079515	.0163858
1	1997	4.522999	2.246927	.0084683	.0294476
1	1998	4.558483	2.283387	.008382	.0055459
1	1999	4.561781	2.293282	.005759	.0218149
1	2000	4.552031	2.307734	.0049609	.0417613
1	2001	4.573765	2.32111	.0034667	-.0024323
1	2002	4.591508	2.350672	.002784	.0213696
1	2003	4.615843	2.37906	.00521	.0016801
1	2004	4.640075	2.426147	.00603	.0040811
1	2005	4.67736	2.436121	.0085877	-.0257237
1	2006	4.728373	2.453074	.0128662	-.032422
1	2007	4.744216	2.460881	.0094303	.000211
1	2008	4.727314	2.481192	.0096616	.0225967
1	2009	4.743457	2.478602	.0083857	.0358497
1	2010	4.696944	2.507051	.0057554	.0715889
1	2011	4.637874	2.50411	.0036168	.0656567
4	1976	4.528265	2.153265	.0265979	.0384439
4	1977	4.540242	2.170092	.03323	-.0031764
4	1978	4.60343	2.195684	.0366225	-.0792367
4	1979	4.65019	2.159541	.0468355	-.1074942
4	1980	4.60517	2.130372	.0369035	.0111774
4	1981	4.560812	2.104775	.0260777	.043636
4	1982	4.470544	2.071497	.0279851	.170659
4	1983	4.512384	2.118392	.0269915	.0340699
4	1984	4.489109	2.159735	.032544	.0830414
4	1985	4.483148	2.164998	.0372499	.0677041
4	1986	4.510178	2.188932	.0384292	.0371773
4	1987	4.489034	2.190925	.0382063	.0573084
4	1988	4.431419	2.192825	.0281361	.095322
4	1989	4.36594	2.174851	.0243121	.0996716
4	1990	4.30559	2.147857	.0169483	.0844412
4	1991	4.292588	2.141408	.0279648	.0584116
4	1992	4.294823	2.147101	.0330141	.040553
4	1993	4.296512	2.157335	.0375176	.0428341
4	1994	4.319923	2.183681	.0432408	.0085215
4	1995	4.360758	2.207284	.0432007	.0221885
4	1996	4.382024	2.219132	.0342496	.0094217
4	1997	4.403845	2.248261	.0321888	.0267265
4	1998	4.435806	2.290035	.0304279	.0040802
4	1999	4.4491	2.290044	.0283614	-.0008343
4	2000	4.451687	2.300121	.0268589	.0077554
4	2001	4.471159	2.291494	.0216398	-.012799
4	2002	4.489753	2.293864	.0230153	-.0026366
4	2003	4.50892	2.292657	.0209255	-.015377
4	2004	4.591103	2.318575	.0254503	-.0765638
4	2005	4.813701	2.339009	.0324918	-.216396
4	2006	4.950523	2.364308	.0320318	-.1260557
4	2007	4.918091	2.3741	.0227184	.0574015
4	2008	4.734901	2.37045	.0181047	.1827743
4	2009	4.568348	2.319046	.0099485	.191931
4	2010	4.427402	2.311349	.0109757	.1651484
4	2011	4.283382	2.307669	.0107552	.1480362
5	1976	4.630136	1.955636	.0048057	-.0212337
5	1977	4.655696	1.980975	.0176151	-.0238235
5	1978	4.668646	2.040917	.0151932	-.0072085
5	1979	4.695296	1.994887	.0124592	-.0559469
5	1980	4.60517	1.902257	.0086107	.0417228
5	1981	4.526133	1.918643	.0019494	.0966809
5	1982	4.478305	1.907286	.0004578	.1380393
5	1983	4.514261	1.937444	.0050052	.0308262
5	1984	4.497917	2.00241	.0060538	.0879388
5	1985	4.483516	2.022302	.0031329	.0914905
5	1986	4.506611	2.053169	.0021215	.0532158
5	1987	4.484585	2.055404	.0044366	.0658945
5	1988	4.447551	2.096466	.0001272	.0957846
5	1989	4.424555	2.130214	.0015777	.085031
5	1990	4.384964	2.130885	.0043513	.0758938
5	1991	4.364302	2.137371	.0112067	.0570067
5	1992	4.3725	2.185627	.013686	.0386775
5	1993	4.391965	2.189813	.0165507	.0214604
5	1994	4.419742	2.204596	.0152381	.0017138
5	1995	4.440389	2.219093	.0164556	.0312869
5	1996	4.448514	2.240872	.0143752	.0218149
5	1997	4.46091	2.253112	.0112044	.036082
5	1998	4.482679	2.281641	.0096412	.0192044
5	1999	4.478957	2.29125	.0096895	.0226795
5	2000	4.460618	2.293759	.0100285	.0434086
5	2001	4.478691	2.320739	.0048352	-.0004965
5	2002	4.498224	2.336948	.0053195	.0174595
5	2003	4.518186	2.373911	.0069564	.0004749
5	2004	4.56013	2.415199	.0090858	-.0145332
5	2005	4.597757	2.412635	.0113587	-.0284512
5	2006	4.629299	2.434978	.0145157	-.0161597
5	2007	4.642729	2.477632	.009484	.0177614
5	2008	4.597941	2.485325	.0090523	.0389142
5	2009	4.594373	2.471269	.007724	.0349675
5	2010	4.565423	2.490149	.0085058	.0608789
5	2011	4.520398	2.491518	.0055946	.0481135
6	1976	4.289917	2.329279	.0183018	-.0927779
6	1977	4.449156	2.346612	.0187764	-.1534342
6	1978	4.552945	2.378975	.0216305	-.0955912
6	1979	4.610362	2.384141	.0180553	-.068249
6	1980	4.60517	2.343727	.0231961	-.033223
6	1981	4.603655	2.349406	.0201781	.0337528
6	1982	4.563184	2.343967	.0217528	.1292731
6	1983	4.556467	2.38313	.021524	.0929873
6	1984	4.541296	2.430462	.0189198	.0874622
6	1985	4.548913	2.43184	.0228261	.0608932
6	1986	4.583776	2.444455	.0246964	.0252595
6	1987	4.641401	2.442718	.0245978	-.0288267
6	1988	4.742416	2.462529	.0244348	-.0595489
6	1989	4.883908	2.449985	.0261417	-.1001223
6	1990	4.905159	2.439234	.0250564	.0033013
6	1991	4.861743	2.427374	.0169198	.0846416
6	1992	4.813792	2.431134	.0164027	.0828185
6	1993	4.749602	2.419099	.0096473	.1045825
6	1994	4.686077	2.435859	.0066765	.1078058
6	1995	4.652008	2.459091	.0067156	.0968806
6	1996	4.630997	2.480751	.0101154	.0589261
6	1997	4.641946	2.50339	.0144852	.0391025
6	1998	4.708047	2.559903	.0153245	-.0249733
6	1999	4.761752	2.570319	.0153877	-.0296483
6	2000	4.847018	2.602386	.0144852	-.0512428
6	2001	4.934041	2.600212	.0143569	-.0680998
6	2002	5.012486	2.61852	.011316	-.0553072
6	2003	5.103416	2.628115	.0108754	-.0764336
6	2004	5.272758	2.649419	.0090761	-.1604588
6	2005	5.436626	2.639801	.0070969	-.1652192
6	2006	5.490948	2.662913	.0053796	-.0518556
6	2007	5.403582	2.663974	.0063403	.1025228
6	2008	5.161587	2.662099	.0097188	.2447131
6	2009	5.034026	2.621017	.0097028	.1607432
6	2010	4.995575	2.623966	.0101474	.0638382
6	2011	4.920382	2.626471	.0094287	.0827323
8	1976	4.463789	2.229089	.0176688	-.0043562
8	1977	4.526484	2.232342	.0239351	-.0713907
8	1978	4.625578	2.258333	.0258925	-.1092087
8	1979	4.636292	2.221358	.0293673	-.0639149
8	1980	4.60517	2.228723	.0207101	.0257935
8	1981	4.563172	2.23629	.0234764	.0613176
8	1982	4.575311	2.21429	.0277072	.0470365
8	1983	4.543567	2.232398	.0232681	.0811152
8	1984	4.509651	2.279656	.0115367	.1135028
8	1985	4.487412	2.29001	.012144	.1095467
8	1986	4.503076	2.315094	.0089114	.0687945
8	1987	4.462685	2.315964	.0070881	.0846695
8	1988	4.415796	2.344742	.0005528	.1077518
8	1989	4.405037	2.394353	.0041404	.0833577
8	1990	4.384444	2.40025	.0096616	.0595945
8	1991	4.38283	2.402512	.0237514	.0443751
8	1992	4.41261	2.413155	.0316223	.0037833
8	1993	4.458443	2.418128	.0331396	-.0211773
8	1994	4.530135	2.420635	.0301019	-.0574259
8	1995	4.564098	2.434456	.0271471	.0017181
8	1996	4.587168	2.44731	.024094	-.0011249
8	1997	4.606956	2.460901	.0247727	.0138758
8	1998	4.641124	2.49204	.0241799	-.0025193
8	1999	4.695746	2.518607	.0262231	-.0360396
8	2000	4.767308	2.570007	.023596	-.0438126
8	2001	4.811238	2.577921	.0225693	-.0380362
8	2002	4.840836	2.578277	.0145176	.0016812
8	2003	4.855771	2.584088	.0084989	.0148001
8	2004	4.889357	2.627435	.0101676	.0068439
8	2005	4.916757	2.647346	.012355	-.0058411
8	2006	4.912587	2.663967	.0189339	.0133694
8	2007	4.905396	2.670689	.017523	.0331297
8	2008	4.860838	2.679868	.0177157	.0437243
8	2009	4.851505	2.636484	.0167243	.0410089
8	2010	4.80432	2.639585	.0150697	.0659621
8	2011	4.741893	2.636101	.0135974	.0600834
9	1976	4.45686	2.22902	.0004077	.0180312
9	1977	4.45587	2.275661	.0008891	.0219611
9	1978	4.572667	2.317104	.0019762	-.091756
9	1979	4.674296	2.342777	.0016362	-.0940698
9	1980	4.60517	2.356221	.0042707	.0691904
9	1981	4.58296	2.370786	.0050186	.054928
9	1982	4.542312	2.38817	.0032474	.1304388
9	1983	4.58462	2.425081	.0074083	.0161533
9	1984	4.650576	2.487716	.0055686	.0018583
9	1985	4.758017	2.505036	.0066186	-.0301789
9	1986	4.924365	2.532022	.0070383	-.1070301
9	1987	5.102402	2.553618	.0072783	-.1567479
9	1988	5.146785	2.607279	.0075666	-.0048572
9	1989	5.078021	2.628703	.0034933	.1053842
9	1990	4.968009	2.604486	.0026046	.133381
9	1991	4.874254	2.570077	.0033141	.1301716
9	1992	4.827811	2.591722	-.0006612	.0814612
9	1993	4.781792	2.584016	.0025607	.0824598
9	1994	4.726072	2.589245	.0020968	.0895539
9	1995	4.695868	2.605268	.0024165	.0830342
9	1996	4.681263	2.605347	.0037656	.0425404
9	1997	4.669744	2.629624	.0037879	.0542209
9	1998	4.702391	2.668124	.0047669	.0064919
9	1999	4.735419	2.682823	.0062351	-.005224
9	2000	4.779528	2.722743	.0074656	-.0081093
9	2001	4.838983	2.739214	.0061532	-.0327475
9	2002	4.905203	2.7497	.0075205	-.0411514
9	2003	4.956349	2.738092	.0073705	-.0409286
9	2004	5.034952	2.760152	.0033689	-.0718798
9	2005	5.112514	2.745548	.0031021	-.0732116
9	2006	5.130873	2.789122	.0029907	-.0110803
9	2007	5.106114	2.812633	.0027851	.0444779
9	2008	5.028487	2.815585	.0051773	.0768047
9	2009	4.96985	2.759098	.0045665	.0794233
9	2010	4.917865	2.789747	.0038365	.0723743
9	2011	4.861132	2.784872	.0014564	.0625741
10	1976	4.715603	2.15722	.0067693	.0341064
10	1977	4.614646	2.168718	.0034794	.111349
10	1978	4.605111	2.199951	.0056446	.0310149
10	1979	4.571344	2.192595	.0010727	.0312137
10	1980	4.60517	2.194666	-.0065525	-.0491565
10	1981	4.534422	2.185041	.0017718	.0996164
10	1982	4.51798	2.221494	.0053116	.114639
10	1983	4.567473	2.266626	.0104782	.0265333
10	1984	4.587857	2.318191	.0100344	.0501159
10	1985	4.630644	2.350125	.0109186	.026854
10	1986	4.712299	2.365331	.0148979	-.0142683
10	1987	4.794775	2.382722	.0148472	-.0581146
10	1988	4.850998	2.407211	.0166208	-.0163542
10	1989	4.896953	2.446761	.0163156	-.0021316
10	1990	4.871275	2.419683	.01701	.0509657
10	1991	4.842356	2.424136	.0199807	.063768
10	1992	4.823	2.413763	.0171919	.0591824
10	1993	4.803161	2.404293	.0163466	.0615789
10	1994	4.758434	2.395823	.0156852	.0733539
10	1995	4.734856	2.408633	.0168444	.0752033
10	1996	4.726624	2.431494	.0152895	.0392253
10	1997	4.717257	2.425763	.0140843	.0526946
10	1998	4.739206	2.482271	.0156431	.0232923
10	1999	4.754456	2.484516	.0151531	.0101906
10	2000	4.784689	2.527147	.0145811	.0099586
10	2001	4.828021	2.540803	.0117897	-.0185634
10	2002	4.88577	2.572938	.0130724	-.0270117
10	2003	4.946571	2.581138	.0145726	-.0411737
10	2004	5.035706	2.592125	.0155267	-.0876093
10	2005	5.139761	2.574303	.0171214	-.1002924
10	2006	5.192631	2.591663	.0165667	-.0466278
10	2007	5.195357	2.59384	.0144207	.0232195
10	2008	5.130102	2.590559	.013813	.0691368
10	2009	5.082817	2.565645	.0088489	.0762529
10	2010	5.022338	2.564039	.0090002	.0781462
10	2011	4.940475	2.574888	.0081277	.0893532
11	1976	4.605083	2.599237	-.0199109	-.0452535
11	1977	4.675808	2.600263	-.0210984	-.1079814
11	1978	4.716436	2.541238	-.0173431	-.0821739
11	1979	4.708872	2.438081	-.0217711	-.0699459
11	1980	4.60517	2.339688	-.0267919	.0249125
11	1981	4.503613	2.278976	-.0021817	.0894274
11	1982	4.366014	2.288316	-.0042783	.2020801
11	1983	4.338899	2.31053	-.0027491	.0893397
11	1984	4.340173	2.355534	.0014994	.059471
11	1985	4.355146	2.369597	.0018408	.053065
11	1986	4.421026	2.395618	.0058453	.002131
11	1987	4.508034	2.398199	-.0021001	-.0623435
11	1988	4.616246	2.456553	-.0102545	-.0731337
11	1989	4.673943	2.470242	-.0099857	-.0260241
11	1990	4.648183	2.499437	-.0306607	.0424498
11	1991	4.60233	2.509055	-.0073803	.0760836
11	1992	4.588618	2.526086	-.0055155	.0478425
11	1993	4.544923	2.535193	-.0037959	.073952
11	1994	4.486966	2.527336	-.0102353	.0849943
11	1995	4.442993	2.509552	-.0149128	.0882812
11	1996	4.427362	2.517904	-.0141212	.0374505
11	1997	4.383846	2.519104	-.0081413	.0682161
11	1998	4.423933	2.540548	-.0044238	.0024989
11	1999	4.478906	2.521847	.0087772	-.0281325
11	2000	4.579895	2.572559	.0032094	-.0664984
11	2001	4.694361	2.683632	.0042877	-.0885552
11	2002	4.812346	2.708521	-.0023456	-.0908629
11	2003	4.901536	2.732773	-.0081566	-.076615
11	2004	5.054582	2.78035	-.0013166	-.1395492
11	2005	5.225398	2.804732	-.0010891	-.1679971
11	2006	5.300324	2.84886	.0062313	-.0662892
11	2007	5.290147	2.87302	.0065026	.0222057
11	2008	5.187115	2.929838	.0101019	.0962065
11	2009	5.140217	2.903147	.0204568	.0698428
11	2010	5.124635	2.935379	.0211913	.0358339
11	2011	5.102731	2.9289	.021399	.0229021
12	1976	4.661245	2.17571	.0178337	.0833317
12	1977	4.637002	2.194648	.0220207	.0263373
12	1978	4.604325	2.169573	.0269261	-.0233336
12	1979	4.632592	2.175946	.0364548	-.031454
12	1980	4.60517	2.169282	.0382483	.0052313
12	1981	4.568837	2.169956	.0352402	.0523666
12	1982	4.583624	2.146849	.0269691	.0648488
12	1983	4.580509	2.217819	.0262435	.0751593
12	1984	4.566946	2.273082	.0266265	.0948608
12	1985	4.55235	2.29824	.0277982	.0998231
12	1986	4.582901	2.331363	.027491	.0482882
12	1987	4.576197	2.34481	.0278727	.0419981
12	1988	4.573555	2.370885	.0254393	.0455906
12	1989	4.571796	2.410578	.0265664	.0532069
12	1990	4.539083	2.400008	.0308223	.0626969
12	1991	4.522738	2.391942	.0254901	.0642037
12	1992	4.532911	2.410158	.0207818	.0436346
12	1993	4.521645	2.409602	.0200627	.0436373
12	1994	4.498029	2.409422	.0221732	.0492773
12	1995	4.484948	2.419833	.0207415	.0546384
12	1996	4.480747	2.42206	.0214688	.0289732
12	1997	4.477121	2.418461	.0221679	.0393046
12	1998	4.512431	2.461369	.0195785	.0069202
12	1999	4.538863	2.481338	.0174659	.008999
12	2000	4.571444	2.507344	.0181157	.0013087
12	2001	4.635493	2.506546	.0190999	-.042968
12	2002	4.718447	2.536614	.0201181	-.0469014
12	2003	4.789806	2.547582	.0186816	-.0595048
12	2004	4.919516	2.583138	.0238966	-.1155184
12	2005	5.099955	2.580133	.0242072	-.184049
12	2006	5.199998	2.599904	.0180489	-.1040691
12	2007	5.135357	2.591949	.0109952	.071446
12	2008	4.911767	2.583984	.0086442	.2162008
12	2009	4.76772	2.521484	.0067423	.1725488
12	2010	4.66013	2.554719	.0099207	.1373522
12	2011	4.548132	2.542223	.0115543	.1115754
13	1976	4.674119	1.989246	.013279	.053423
13	1977	4.639655	2.009025	.0165639	.0460451
13	1978	4.651155	2.047014	.0141701	-.0015647
13	1979	4.635983	2.033309	.0196902	.0078792
13	1980	4.60517	2.001075	.0174511	.0086558
13	1981	4.563625	1.991405	.014867	.0509857
13	1982	4.552658	2.002291	.01452	.094548
13	1983	4.552305	2.038979	.0137917	.0651314
13	1984	4.566986	2.115602	.0184548	.0608369
13	1985	4.576653	2.13551	.0216487	.0590545
13	1986	4.615236	2.171176	.0202552	.0234647
13	1987	4.630554	2.181456	.0201476	.0178733
13	1988	4.63288	2.222802	.0171922	.0514462
13	1989	4.607505	2.230127	.0149254	.0700187
13	1990	4.568672	2.241168	.0157056	.0774818
13	1991	4.547349	2.248	.0213296	.07083
13	1992	4.553893	2.286523	.0243806	.0448058
13	1993	4.546555	2.285072	.0233475	.03857
13	1994	4.545605	2.314394	.0253172	.0356981
13	1995	4.553646	2.333858	.023645	.0415314
13	1996	4.565272	2.352673	.0232866	.0116356
13	1997	4.5905	2.367857	.0242377	.0221529
13	1998	4.63547	2.402991	.0229531	-.0039408
13	1999	4.672565	2.421216	.0229343	-.0119824
13	2000	4.695976	2.449763	.0222875	.0086002
13	2001	4.734321	2.450394	.0180361	-.0190424
13	2002	4.767466	2.46805	.0155426	.0059678
13	2003	4.790532	2.48173	.0133721	.0029495
13	2004	4.820953	2.506038	.0168425	-.0021087
13	2005	4.845589	2.518823	.0177081	-.0130751
13	2006	4.866592	2.524929	.0254294	-.0024122
13	2007	4.865619	2.52916	.0209861	.0170276
13	2008	4.817549	2.525358	.0164264	.0537647
13	2009	4.80378	2.512593	.0121307	.0657617
13	2010	4.72173	2.519041	.0094462	.1071266
13	2011	4.619505	2.522031	.0105548	.1088114
16	1976	4.639807	2.126976	.0296038	.0032833
16	1977	4.678577	2.107992	.0304168	-.0432887
16	1978	4.736612	2.126312	.030671	-.0701517
16	1979	4.714229	2.091281	.0235138	.0080227
16	1980	4.60517	2.042259	.0163216	.0645187
16	1981	4.562378	2.010416	.0148899	.0640996
16	1982	4.484957	1.984033	.0118963	.1610315
16	1983	4.484877	2.046443	.0083321	.0884365
16	1984	4.468849	2.07464	.0090992	.0961445
16	1985	4.465141	2.092161	.0032354	.0925785
16	1986	4.467267	2.110852	-.0038604	.0794115
16	1987	4.428443	2.139826	-.0052906	.0864637
16	1988	4.395579	2.18413	.0006739	.0871288
16	1989	4.387368	2.212093	.0088492	.0531953
16	1990	4.386327	2.202193	.0179016	.0120621
16	1991	4.387325	2.174373	.0281774	.0239272
16	1992	4.417556	2.195838	.0287469	.0041804
16	1993	4.473651	2.230215	.0340173	-.0177658
16	1994	4.51698	2.237818	.0322774	-.0195442
16	1995	4.539786	2.248478	.0277155	.0250016
16	1996	4.539575	2.255841	.0216451	.0231381
16	1997	4.532129	2.238483	.0209228	.0389215
16	1998	4.539871	2.270509	.0191956	.0192311
16	1999	4.527532	2.282045	.0184688	.0295814
16	2000	4.508249	2.298345	.018451	.0495152
16	2001	4.523975	2.307177	.0156772	.0002439
16	2002	4.534417	2.33131	.0153442	.0207571
16	2003	4.558732	2.33825	.0170197	.0004615
16	2004	4.616355	2.398775	.0206324	-.0285266
16	2005	4.728452	2.394104	.0258443	-.0977537
16	2006	4.848588	2.413417	.0279129	-.1122326
16	2007	4.867765	2.408969	.0245061	-.0096484
16	2008	4.803015	2.394877	.0192246	.0609845
16	2009	4.732146	2.340351	.0130274	.0902608
16	2010	4.633546	2.364009	.0106626	.1329622
16	2011	4.517664	2.370081	.0087977	.1233487
17	1976	4.659123	2.286478	.0047579	-.0111414
17	1977	4.759204	2.315049	.0040444	-.0893499
17	1978	4.824264	2.328836	.0024613	-.067071
17	1979	4.732751	2.298249	-.0010184	.0643818
17	1980	4.60517	2.24485	.001043	.1003099
17	1981	4.563109	2.253456	.0007657	.0771064
17	1982	4.461704	2.261404	-.0017535	.180686
17	1983	4.453737	2.271237	-.0012785	.0738261
17	1984	4.466364	2.334404	.0002902	.0667766
17	1985	4.476577	2.344644	-.0010806	.066704
17	1986	4.524545	2.373609	-.0011012	.0228008
17	1987	4.578485	2.378895	.0003442	-.0232348
17	1988	4.628321	2.420215	-.0000869	-.0016844
17	1989	4.652221	2.422781	.001719	.0178097
17	1990	4.650457	2.428951	.0038082	.031651
17	1991	4.648481	2.410614	.0100467	.0434222
17	1992	4.65564	2.450808	.0107656	.0336528
17	1993	4.659455	2.438759	.0098194	.0321657
17	1994	4.681105	2.460766	.0086844	.0140805
17	1995	4.688037	2.475904	.0080141	.0397291
17	1996	4.696079	2.498045	.007761	.0220647
17	1997	4.698956	2.51187	.0068939	.0359703
17	1998	4.710812	2.542241	.0070434	.0233412
17	1999	4.729434	2.547427	.0070784	.008182
17	2000	4.759129	2.579339	.0060614	.0053418
17	2001	4.791668	2.577835	.0043562	-.0065022
17	2002	4.835504	2.601845	.0029672	-.009569
17	2003	4.869277	2.624492	.0024281	-.011321
17	2004	4.927495	2.64645	.0026857	-.0386969
17	2005	4.982671	2.640523	.0015976	-.0427517
17	2006	5.018543	2.677034	.0026968	-.0120492
17	2007	5.001785	2.686617	.0040972	.0320173
17	2008	4.93074	2.697476	.0040225	.0714548
17	2009	4.879544	2.668873	.0038945	.0884238
17	2010	4.818641	2.682686	.0035261	.0846051
17	2011	4.748509	2.67987	.0021218	.0770856
18	1976	4.578268	2.138426	.0038185	.0301674
18	1977	4.623868	2.170311	.0062214	-.0348694
18	1978	4.697028	2.187962	.0076171	-.075171
18	1979	4.700336	2.158539	.0052203	-.0304387
18	1980	4.60517	2.100224	.0028839	.0678945
18	1981	4.555925	2.099993	-.0018742	.084291
18	1982	4.479692	2.079171	-.0022875	.1555128
18	1983	4.45973	2.093688	-.0032097	.0858214
18	1984	4.435127	2.164039	.0014531	.1040071
18	1985	4.437816	2.175452	.0001634	.074228
18	1986	4.469707	2.206909	-.0009367	.0388778
18	1987	4.480472	2.218416	.0034629	.0199405
18	1988	4.489374	2.240543	.0034128	.0392497
18	1989	4.48269	2.263847	.0058003	.0483936
18	1990	4.463912	2.258506	.0061579	.048665
18	1991	4.463485	2.245824	.0104868	.0418724
18	1992	4.474873	2.287355	.010302	.0294242
18	1993	4.481209	2.294835	.0112976	.0296446
18	1994	4.502726	2.322311	.0094528	.0142135
18	1995	4.519709	2.320882	.0099499	.0296779
18	1996	4.541409	2.336804	.00928	.0084066
18	1997	4.555892	2.346176	.0083051	.0243641
18	1998	4.57876	2.387319	.0072967	.0123301
18	1999	4.589793	2.395884	.0076536	.0157699
18	2000	4.589241	2.428595	.0077281	.035589
18	2001	4.61214	2.426807	.0058748	.003139
18	2002	4.624426	2.440912	.0045926	.0219795
18	2003	4.633377	2.46933	.006585	.0135017
18	2004	4.63962	2.485275	.005852	.0132778
18	2005	4.646644	2.46845	.0072907	.0054012
18	2006	4.642603	2.491692	.0085722	.0278626
18	2007	4.625299	2.482984	.0073835	.0325642
18	2008	4.586248	2.4895	.0070612	.039461
18	2009	4.584514	2.472394	.0053584	.0389614
18	2010	4.552782	2.482267	.0048335	.0554342
18	2011	4.512284	2.493463	.0040438	.0474521
19	1976	4.629517	2.124836	.0077249	-.0384796
19	1977	4.677993	2.154796	.0036225	-.0438974
19	1978	4.722929	2.213337	.0016114	-.0524902
19	1979	4.71239	2.165007	-.0007557	-.0072801
19	1980	4.60517	2.117099	-.0009553	.1068975
19	1981	4.433349	2.126141	-.0020725	.1815705
19	1982	4.328943	2.077943	-.0068304	.155612
19	1983	4.358691	2.090901	-.0061274	.0535206
19	1984	4.335346	2.175524	-.0041654	.1045033
19	1985	4.319964	2.180426	-.0101722	.0920519
19	1986	4.323503	2.215335	-.013418	.0753626
19	1987	4.303547	2.231809	-.0089812	.0616627
19	1988	4.275595	2.208395	.0005011	.0656909
19	1989	4.283012	2.244839	.0007933	.0433436
19	1990	4.29291	2.253806	.0037568	.0320367
19	1991	4.311629	2.250024	.0059495	.0357608
19	1992	4.319547	2.279691	.0074031	.0277144
19	1993	4.338374	2.240044	.0065676	.0165356
19	1994	4.377093	2.297503	.0048434	-.0123387
19	1995	4.406621	2.302844	.0058156	.0248705
19	1996	4.419162	2.352027	.004394	.0111699
19	1997	4.435688	2.362789	.0038533	.0264942
19	1998	4.464457	2.391226	.004057	.0081409
19	1999	4.475626	2.385974	.0050724	.0049345
19	2000	4.475247	2.415209	.0039109	.0261806
19	2001	4.489163	2.40312	.0009998	.0007496
19	2002	4.507837	2.436315	.0007627	.0143153
19	2003	4.526465	2.446534	.0026429	.0047586
19	2004	4.543332	2.494347	.0039473	-.0034311
19	2005	4.564556	2.477428	.0036563	-.0063224
19	2006	4.575553	2.500854	.0061173	.0172764
19	2007	4.572586	2.528352	.0055394	.0251684
19	2008	4.542513	2.563349	.0058252	.0298724
19	2009	4.54884	2.552111	.0053346	.0240027
19	2010	4.525401	2.557888	.0056985	.0424408
19	2011	4.489902	2.599394	.0039614	.0340821
20	1976	4.60441	2.182299	.0087494	-.0122956
20	1977	4.654016	2.188622	.0083142	-.0447156
20	1978	4.692966	2.2083	.0064417	-.0332188
20	1979	4.659062	2.193697	.0062199	-.0082413
20	1980	4.60517	2.153621	.0091888	.0372074
20	1981	4.53249	2.18381	.0066531	.1190741
20	1982	4.502577	2.213684	.006834	.1272854
20	1983	4.469865	2.212234	.0059468	.0810316
20	1984	4.43782	2.271549	.0035371	.1097155
20	1985	4.42379	2.286089	.0013658	.0976675
20	1986	4.450599	2.329118	.0021453	.055849
20	1987	4.43612	2.321497	.0052288	.0455981
20	1988	4.407635	2.324415	.0067768	.0778707
20	1989	4.3853	2.329951	.0043945	.0780845
20	1990	4.351791	2.357401	.0034359	.0800638
20	1991	4.321615	2.352499	.006977	.0706357
20	1992	4.325654	2.392331	.0133857	.0429074
20	1993	4.327576	2.394475	.0094924	.0361764
20	1994	4.367514	2.411883	.0093307	-.0053452
20	1995	4.392251	2.407711	.0079105	.0251474
20	1996	4.39583	2.422585	.0051949	.0104764
20	1997	4.408663	2.440253	.0079005	.0256392
20	1998	4.444823	2.488049	.0095569	.0064847
20	1999	4.480475	2.503237	.0066455	-.0029224
20	2000	4.490397	2.522621	.0057122	.0168804
20	2001	4.509981	2.535945	.0031435	-.0010445
20	2002	4.542264	2.547636	.0042	.007718
20	2003	4.558595	2.577409	.0034835	.0070748
20	2004	4.580679	2.593012	.0041665	-.0012727
20	2005	4.599546	2.594406	.0039878	-.001805
20	2006	4.605685	2.636732	.0064021	.0124871
20	2007	4.610865	2.659714	.0075194	.0196467
20	2008	4.578144	2.705928	.008688	.0363939
20	2009	4.577774	2.664221	.0087322	.0265205
20	2010	4.546781	2.65551	.0092902	.0465412
20	2011	4.496904	2.668095	.0042214	.0449921
21	1976	4.620991	1.980358	.0176276	.0399491
21	1977	4.633171	2.011968	.0125421	-.0072891
21	1978	4.697713	2.041724	.0101251	-.0588121
21	1979	4.686208	2.026942	.0088968	-.0306393
21	1980	4.60517	1.970324	.0056285	.0643533
21	1981	4.560314	1.987683	.0016835	.0912502
21	1982	4.521885	2.002658	.0035503	.1358017
21	1983	4.496804	1.984139	.0029873	.0734003
21	1984	4.481541	2.06747	.0002679	.0929337
21	1985	4.479487	2.074167	-.000174	.0856908
21	1986	4.515977	2.091585	-.0018993	.0461678
21	1987	4.528938	2.101649	-.0012142	.018159
21	1988	4.541165	2.150517	-.0009039	.0371579
21	1989	4.552383	2.177716	-.0007296	.0445324
21	1990	4.54473	2.195705	.0045392	.0542078
21	1991	4.537149	2.211536	.0076264	.0480398
21	1992	4.549479	2.248972	.0115231	.0346172
21	1993	4.557278	2.242769	.0123356	.0302989
21	1994	4.592753	2.259737	.0096282	-.000882
21	1995	4.616249	2.264088	.0099113	.026389
21	1996	4.618248	2.271048	.0082255	.0120552
21	1997	4.634126	2.288897	.0084378	.0225946
21	1998	4.664823	2.331018	.0082244	.0119483
21	1999	4.692276	2.351114	.0081623	.0052759
21	2000	4.694757	2.388911	.0076777	.0243229
21	2001	4.709605	2.378425	.0047088	.0036905
21	2002	4.732201	2.403569	.0053305	.0174054
21	2003	4.751083	2.412876	.0066516	.0045238
21	2004	4.776762	2.439726	.0070023	-.004868
21	2005	4.80093	2.443099	.0087986	-.0071055
21	2006	4.808356	2.470397	.0086878	.0111996
21	2007	4.810508	2.480036	.0088329	.0226746
21	2008	4.78526	2.490873	.0077707	.0289209
21	2009	4.781188	2.490031	.0063196	.0302222
21	2010	4.749731	2.490957	.0069594	.0470056
21	2011	4.702175	2.488557	.0050784	.0426713
22	1976	4.444396	1.970687	.0165015	-.0168099
22	1977	4.466637	2.000886	.0160526	-.0131411
22	1978	4.56426	2.044216	.0142682	-.0911874
22	1979	4.653462	2.042808	.01608	-.1057079
22	1980	4.60517	2.037186	.0200391	.0296716
22	1981	4.592491	2.06181	.0141533	.040205
22	1982	4.577293	2.073024	.0160524	.1013148
22	1983	4.560377	2.081621	.0097629	.0898971
22	1984	4.512039	2.109289	.001174	.1227712
22	1985	4.444187	2.109279	.0017344	.1466603
22	1986	4.429445	2.101674	-.0002702	.0882247
22	1987	4.347997	2.082056	-.0143461	.1164024
22	1988	4.247246	2.109676	-.0128096	.1469101
22	1989	4.202459	2.125635	-.0084206	.0886292
22	1990	4.161506	2.155127	-.0074021	.0704306
22	1991	4.148214	2.165522	.0074921	.0529721
22	1992	4.168596	2.196896	.0092963	.020259
22	1993	4.187809	2.206824	.0054417	.0172913
22	1994	4.224288	2.240159	.0071684	-.0042631
22	1995	4.243153	2.248306	.0071733	.0309895
22	1996	4.26485	2.249621	.0045794	.0057034
22	1997	4.284801	2.266084	.0050327	.0231633
22	1998	4.321192	2.300128	.0043499	.0035525
22	1999	4.337908	2.296411	.0045987	.0086384
22	2000	4.339317	2.310257	.0024794	.0321301
22	2001	4.364144	2.354368	.0013386	-.001285
22	2002	4.386402	2.372348	.0043213	.0124557
22	2003	4.412552	2.386138	.0052726	-.0081849
22	2004	4.439487	2.407084	.0068765	-.0117161
22	2005	4.473025	2.435918	.0053435	-.0246575
22	2006	4.544799	2.510423	-.0617279	-.0593227
22	2007	4.567131	2.55707	.0168047	-.0028162
22	2008	4.536129	2.564369	.0136204	.0307248
22	2009	4.539531	2.544809	.0125599	.0253628
22	2010	4.509678	2.563174	.0118835	.0508832
22	2011	4.470347	2.559866	.0064677	.0421536
23	1976	4.524915	1.961957	.0154216	.0760077
23	1977	4.632864	1.983447	.0140382	-.0862259
23	1978	4.68004	2.017544	.009085	-.0185517
23	1979	4.718206	2.01498	.008454	-.0446648
23	1980	4.60517	2.008214	.0017169	.1002219
23	1981	4.593775	1.989343	.0054631	.0314928
23	1982	4.571009	2.019929	.0032163	.1291522
23	1983	4.580532	2.05187	.0070911	.0510351
23	1984	4.652079	2.106734	.0094436	-.0027784
23	1985	4.718178	2.127204	.0062979	.0037895
23	1986	4.831943	2.16934	.0061645	-.0471373
23	1987	4.952343	2.190771	.0122743	-.0923457
23	1988	4.999396	2.212064	.0161307	-.0192177
23	1989	4.988183	2.224849	.0133024	.0465216
23	1990	4.914761	2.202997	.0095919	.0992526
23	1991	4.842442	2.181851	.0043438	.11024
23	1992	4.814969	2.204223	.0011529	.0732485
23	1993	4.783118	2.201907	.0030587	.0693249
23	1994	4.749629	2.230971	.0002897	.0779936
23	1995	4.735011	2.248881	.000658	.0688123
23	1996	4.734997	2.268371	.0044774	.0273102
23	1997	4.727263	2.28116	.0045642	.0457543
23	1998	4.754635	2.320043	.0034631	.0056479
23	1999	4.787783	2.335022	.0060817	-.0106831
23	2000	4.826276	2.346695	.0080696	-.0141692
23	2001	4.877952	2.362275	.0067271	-.0422036
23	2002	4.94665	2.381898	.0079546	-.0440726
23	2003	4.997305	2.389584	.00811	-.0471226
23	2004	5.087583	2.413454	.0054767	-.0758722
23	2005	5.162095	2.387487	.0038739	-.0647163
23	2006	5.173825	2.40475	.0036573	.0019777
23	2007	5.170972	2.425496	.0025812	.0313229
23	2008	5.12352	2.435997	.0026107	.0504434
23	2009	5.090557	2.451346	-.000691	.0649505
23	2010	5.044024	2.455376	-.0016643	.0682639
23	2011	4.999436	2.464443	.0006093	.0517479
24	1976	4.791671	2.452978	.0035835	-.0075781
24	1977	4.753698	2.416625	.0053801	.0007165
24	1978	4.757337	2.393137	.0040451	-.0451851
24	1979	4.703764	2.317874	.0027877	-.0239373
24	1980	4.60517	2.250028	.0010046	.0198046
24	1981	4.544665	2.200315	.0080716	.0483755
24	1982	4.472838	2.204137	.0049195	.1363076
24	1983	4.453164	2.244473	.0070743	.0818991
24	1984	4.453144	2.281846	.0119645	.0607651
24	1985	4.459791	2.31679	.0108965	.0613911
24	1986	4.510131	2.350832	.0166035	.0176702
24	1987	4.577751	2.35405	.0173662	-.0429553
24	1988	4.64675	2.385805	.0200246	-.0339205
24	1989	4.685668	2.376633	.0147895	-.0072448
24	1990	4.66292	2.356679	.0152132	.0394376
24	1991	4.629416	2.341122	.0140414	.063734
24	1992	4.613787	2.344386	.0113834	.0497603
24	1993	4.585413	2.335382	.009807	.0586312
24	1994	4.5487	2.34093	.0102395	.0637498
24	1995	4.519316	2.334975	.009308	.0736924
24	1996	4.50203	2.334296	.0082407	.0391056
24	1997	4.470201	2.323625	.0088306	.0565283
24	1998	4.486481	2.374724	.0090981	.0263065
24	1999	4.496231	2.399277	.0095698	.0170902
24	2000	4.517999	2.437937	.0107	.0127238
24	2001	4.569899	2.459393	.0119145	-.0259899
24	2002	4.645907	2.4812	.0121495	-.0488855
24	2003	4.719673	2.49087	.0102189	-.0611912
24	2004	4.8571	2.524649	.009176	-.1239304
24	2005	5.011338	2.521875	.0081593	-.1514199
24	2006	5.095647	2.538414	.0062369	-.0756719
24	2007	5.077193	2.539813	.0046169	.0304836
24	2008	4.960468	2.553302	.0055664	.1098989
24	2009	4.865603	2.536718	.0079583	.1178093
24	2010	4.802814	2.547289	.0096028	.0830408
24	2011	4.732545	2.544264	.0073374	.0712677
25	1976	4.504873	2.128282	-.0023056	.053131
25	1977	4.502987	2.158024	-.0008302	.0236102
25	1978	4.578635	2.204816	-.0002044	-.0470246
25	1979	4.627471	2.20487	.0005684	-.0553341
25	1980	4.60517	2.199555	-.0000197	.0094864
25	1981	4.621443	2.19026	.0039271	.0038243
25	1982	4.639607	2.255865	.0004397	.0882219
25	1983	4.699724	2.294914	.0048715	.0004417
25	1984	4.844534	2.367007	.007108	-.0760411
25	1985	5.022668	2.388447	.0068183	-.1082458
25	1986	5.204517	2.42725	.0037244	-.1152215
25	1987	5.300027	2.453311	.0054956	-.0674553
25	1988	5.291625	2.493428	.0075162	.036237
25	1989	5.238315	2.477326	.0059181	.0886187
25	1990	5.140508	2.45318	.0011897	.123638
25	1991	5.041865	2.440679	-.0006925	.1365633
25	1992	5.007208	2.465147	.0016998	.0804321
25	1993	4.981277	2.463931	.0052708	.063405
25	1994	4.967139	2.494872	.0057046	.0586426
25	1995	4.964098	2.511579	.0075518	.0572356
25	1996	4.970273	2.5287	.0062187	.0211208
25	1997	4.985906	2.545424	.0074646	.0223879
25	1998	5.030969	2.578804	.0073261	-.0120432
25	1999	5.105485	2.595883	.0072296	-.0520511
25	2000	5.198184	2.628603	.0069029	-.0683746
25	2001	5.270053	2.637712	.0057263	-.0623972
25	2002	5.358963	2.661177	.0030546	-.0642847
25	2003	5.413102	2.649554	.0008348	-.0506064
25	2004	5.492046	2.671599	-.0016025	-.0645378
25	2005	5.548474	2.670195	-.0014031	-.0466327
25	2006	5.525939	2.711708	.0010605	.0362432
25	2007	5.475345	2.730509	.0033446	.0790643
25	2008	5.39101	2.749777	.0057995	.0873263
25	2009	5.354979	2.733731	.0074918	.068018
25	2010	5.323574	2.745183	.005791	.0531367
25	2011	5.282491	2.745101	.0048802	.0482422
26	1976	4.550731	2.231187	.001058	.0412472
26	1977	4.567145	2.269721	.004352	-.0107211
26	1978	4.647128	2.28873	.0048702	-.0734311
26	1979	4.701435	2.259317	.0050796	-.0829604
26	1980	4.60517	2.192882	.0007284	.0567354
26	1981	4.545002	2.174335	-.0050113	.0972946
26	1982	4.437494	2.186965	-.0102695	.2134454
26	1983	4.397429	2.218935	-.0074253	.1162071
26	1984	4.372358	2.289148	.0001868	.108271
26	1985	4.382721	2.325208	.0029608	.0691473
26	1986	4.448347	2.368025	.0056567	.0123276
26	1987	4.521546	2.361887	.0065203	-.0333108
26	1988	4.557636	2.384185	.0033162	.0119749
26	1989	4.569409	2.395013	.0038217	.0271012
26	1990	4.569168	2.384796	.0062507	.0321115
26	1991	4.572608	2.378415	.0095264	.0430667
26	1992	4.586812	2.417938	.0083285	.0352765
26	1993	4.587106	2.424299	.0064198	.0388448
26	1994	4.605546	2.461386	.0060219	.0080272
26	1995	4.642583	2.460794	.0081431	.0093182
26	1996	4.692528	2.464151	.0084832	-.0193508
26	1997	4.74121	2.47814	.005152	-.0074944
26	1998	4.779482	2.510438	.003957	-.0050187
26	1999	4.819148	2.519163	.0049809	-.0177986
26	2000	4.853693	2.542081	.0055754	-.0033107
26	2001	4.883624	2.545992	.0038779	-.0050608
26	2002	4.90091	2.549427	.0024582	.0076382
26	2003	4.914444	2.57498	.002537	.0070432
26	2004	4.937731	2.577765	.0014095	.0024477
26	2005	4.942641	2.563554	-.0004156	.0085799
26	2006	4.899572	2.560518	-.0014991	.0573234
26	2007	4.842445	2.568049	-.0034732	.0869361
26	2008	4.747272	2.57489	-.0054536	.1097555
26	2009	4.683599	2.544905	-.0045644	.0950066
26	2010	4.609676	2.567422	-.0024722	.103444
26	2011	4.542394	2.576596	-.0000968	.0691532
27	1976	4.480858	2.140137	.0078172	-.0218871
27	1977	4.528317	2.184829	.005857	-.0428803
27	1978	4.605095	2.203371	.0062201	-.084333
27	1979	4.633655	2.185637	.008324	-.0463788
27	1980	4.60517	2.175887	.0115392	.0281626
27	1981	4.488881	2.152354	.0065187	.126039
27	1982	4.438745	2.129236	.0047838	.1013407
27	1983	4.458852	2.163644	.0024195	.0631623
27	1984	4.442836	2.25717	.0039151	.0971743
27	1985	4.433113	2.272838	.0063767	.0863933
27	1986	4.459396	2.314242	.0049853	.0526175
27	1987	4.478832	2.333596	.0070905	.0222717
27	1988	4.463286	2.322366	.0143069	.053285
27	1989	4.452478	2.357837	.009704	.0615683
27	1990	4.430392	2.364417	.0118703	.0640206
27	1991	4.432139	2.364962	.0115512	.0527334
27	1992	4.430134	2.384454	.0122451	.0376369
27	1993	4.4364	2.36373	.013342	.0290965
27	1994	4.445949	2.395981	.0118699	.0168318
27	1995	4.469137	2.41654	.0107492	.0312105
27	1996	4.485646	2.44239	.0112339	.0072012
27	1997	4.510348	2.463569	.0106717	.0183184
27	1998	4.549654	2.519841	.0104466	-.0023953
27	1999	4.596712	2.539839	.0124023	-.0309556
27	2000	4.655387	2.556147	.0122791	-.0328728
27	2001	4.716582	2.547218	.0099036	-.0465292
27	2002	4.785566	2.570211	.0072266	-.0359953
27	2003	4.839746	2.598765	.0068776	-.0307924
27	2004	4.899287	2.623492	.0067331	-.0461057
27	2005	4.950121	2.608035	.0062475	-.0359325
27	2006	4.962472	2.639555	.0085494	.0159222
27	2007	4.931471	2.651989	.0084176	.0532026
27	2008	4.848217	2.66345	.0076171	.0830541
27	2009	4.802204	2.632372	.006494	.0763423
27	2010	4.73308	2.651806	.0055618	.0881252
27	2011	4.650357	2.647692	.0064198	.0813071
28	1976	4.672451	1.83424	.0125875	.0390363
28	1977	4.660649	1.87194	.0120595	.0209022
28	1978	4.705476	1.884514	.0114083	-.0383911
28	1979	4.707144	1.891523	.00798	-.0181739
28	1980	4.60517	1.841026	.006904	.0833535
28	1981	4.527575	1.848307	.0054064	.1051202
28	1982	4.493696	1.855211	.0069642	.1199968
28	1983	4.523002	1.859663	.0042709	.0436749
28	1984	4.498694	1.912918	.0040165	.0987405
28	1985	4.518282	1.927608	.0038907	.0592208
28	1986	4.524027	1.945085	.0021202	.0677379
28	1987	4.488	1.965459	-.0019494	.0709808
28	1988	4.434645	1.997422	-.0031713	.0995149
28	1989	4.390598	2.023073	-.0023579	.0878891
28	1990	4.352315	2.018408	.001795	.0677603
28	1991	4.3275	2.029013	.0076622	.0644953
28	1992	4.334528	2.063878	.0095745	.0336128
28	1993	4.335128	2.082848	.0118838	.0359041
28	1994	4.361237	2.122539	.0126841	.0061081
28	1995	4.380585	2.132668	.0124426	.0305055
28	1996	4.393415	2.152099	.0092953	.0145702
28	1997	4.407382	2.170204	.0104683	.0291472
28	1998	4.442657	2.20804	.0099717	.0046692
28	1999	4.461375	2.215866	.0083697	.0066367
28	2000	4.458642	2.232882	.0070269	.0362719
28	2001	4.48204	2.264956	.001628	.0001436
28	2002	4.49154	2.274741	.0019914	.0252139
28	2003	4.500906	2.294487	.0033634	.0085988
28	2004	4.512126	2.319893	.0071902	.0039985
28	2005	4.534979	2.345712	.0058441	-.013972
28	2006	4.586896	2.351051	-.0003321	-.0394663
28	2007	4.608162	2.379072	.0080133	-.00175
28	2008	4.571121	2.38825	.006622	.0367649
28	2009	4.559391	2.375772	.0037138	.0404943
28	2010	4.512794	2.38265	.0038112	.0676264
28	2011	4.466295	2.380621	.0028377	.0493219
29	1976	4.603907	2.112728	.0058574	.0272482
29	1977	4.624841	2.146359	.0044449	-.0166272
29	1978	4.688464	2.162467	.0053784	-.0647123
29	1979	4.675568	2.145352	.0037203	-.0157801
29	1980	4.60517	2.094823	.0066534	.0519409
29	1981	4.49941	2.111766	.0020505	.1433382
29	1982	4.429752	2.105128	-.0005299	.1458997
29	1983	4.453463	2.15189	.0028925	.0452978
29	1984	4.484955	2.222366	.0063597	.0537405
29	1985	4.509368	2.243581	.0050091	.0532609
29	1986	4.548483	2.275665	.0045484	.0388771
29	1987	4.576414	2.285229	.0066762	.0102577
29	1988	4.573738	2.307902	.0049386	.0586584
29	1989	4.539927	2.312785	.0027722	.0733313
29	1990	4.49716	2.300311	.006462	.0744352
29	1991	4.480325	2.319176	.0081401	.0669872
29	1992	4.483501	2.355704	.0089145	.047633
29	1993	4.482518	2.365109	.0103114	.0464094
29	1994	4.499692	2.38792	.0100649	.0130644
29	1995	4.517238	2.394118	.0100442	.0330275
29	1996	4.529504	2.407044	.0098626	.0143808
29	1997	4.548075	2.431766	.0090977	.0254101
29	1998	4.577465	2.47184	.0073748	.0156001
29	1999	4.604846	2.482389	.0072509	-.0000475
29	2000	4.626668	2.510145	.0081182	.0104752
29	2001	4.658913	2.512285	.0060199	-.0060698
29	2002	4.701736	2.546234	.0059532	-.0031255
29	2003	4.720748	2.564047	.0060747	-.0036222
29	2004	4.742829	2.567624	.0066924	-.0196025
29	2005	4.774541	2.552065	.0073772	-.0217113
29	2006	4.796853	2.582654	.0090096	.0043206
29	2007	4.796735	2.600517	.0076568	.0282204
29	2008	4.756601	2.638619	.0061472	.0496247
29	2009	4.734612	2.609617	.0062553	.0483365
29	2010	4.685884	2.603267	.005792	.0625493
29	2011	4.627602	2.60432	.0024942	.0602688
30	1976	4.569613	2.132074	.0123538	-.0186774
30	1977	4.647906	2.114519	.0167769	-.0828114
30	1978	4.753276	2.174087	.0163165	-.1174873
30	1979	4.743358	2.122445	.0065141	-.0044423
30	1980	4.60517	2.071409	-.000526	.0936477
30	1981	4.526758	2.090607	.0082989	.0997193
30	1982	4.50495	2.08208	.0108285	.105419
30	1983	4.494874	2.109508	.0124166	.0984325
30	1984	4.551825	2.126135	.0084102	.0231656
30	1985	4.500809	2.113676	.0017234	.139886
30	1986	4.494856	2.162094	-.0104912	.0874905
30	1987	4.423316	2.170454	-.0107167	.1191804
30	1988	4.405715	2.162943	-.0060601	.0718647
30	1989	4.374309	2.206481	-.0007076	.0763915
30	1990	4.347436	2.189493	.0007126	.0378933
30	1991	4.345618	2.196833	.0117724	.0267429
30	1992	4.400213	2.195904	.0196772	-.0201826
30	1993	4.469387	2.222847	.0227375	-.0308454
30	1994	4.536962	2.196189	.0193961	-.04379
30	1995	4.573492	2.19871	.0175473	.0112777
30	1996	4.589536	2.200587	.0110064	.0068827
30	1997	4.584641	2.20151	.0040662	.0363705
30	1998	4.589556	2.241107	.0028794	.0220588
30	1999	4.584805	2.235907	.0056717	.0219925
30	2000	4.586234	2.260227	.0069573	.0288038
30	2001	4.605199	2.305002	.0035212	-.0029952
30	2002	4.640072	2.314918	.0051753	-.0036741
30	2003	4.687096	2.35606	.0086966	-.0222469
30	2004	4.769357	2.401395	.0112228	-.0531648
30	2005	4.858893	2.413183	.0107941	-.0751927
30	2006	4.931367	2.434934	.0133033	-.0645703
30	2007	4.961703	2.439327	.0125317	-.0208078
30	2008	4.933742	2.454475	.0120643	.0241951
30	2009	4.908247	2.409332	.0077199	.0448873
30	2010	4.864901	2.441229	.0070645	.0777082
30	2011	4.812983	2.450054	.0072805	.0593848
31	1976	4.610231	2.148282	.0048286	-.0005211
31	1977	4.656924	2.144894	.0035864	-.0418016
31	1978	4.671241	2.219472	.0040831	-.0085869
31	1979	4.666772	2.146762	.0022591	-.0376755
31	1980	4.60517	2.080691	.0050627	.0449169
31	1981	4.522381	2.154679	.0039488	.1291831
31	1982	4.532754	2.162679	.0020625	.0869998
31	1983	4.499059	2.166213	.00159	.0820139
31	1984	4.47014	2.243005	.0027388	.1065899
31	1985	4.452151	2.265519	-.0025065	.1016267
31	1986	4.469844	2.290095	-.006542	.0649647
31	1987	4.434089	2.295709	-.0049566	.0668746
31	1988	4.408919	2.320856	.003144	.0745548
31	1989	4.399911	2.33249	.0021492	.0647584
31	1990	4.402575	2.3621	.0043098	.0438905
31	1991	4.394542	2.356613	.0089748	.0484928
31	1992	4.416306	2.381518	.0098317	.0251829
31	1993	4.433969	2.374	.0085894	.0204345
31	1994	4.483142	2.408376	.0082405	-.0145801
31	1995	4.509351	2.42119	.0108926	.0236758
31	1996	4.520006	2.458941	.0100567	.0033997
31	1997	4.541873	2.442262	.0075461	.0166051
31	1998	4.574226	2.487565	.0055573	.0102918
31	1999	4.602209	2.516859	.0052626	.0047471
31	2000	4.596766	2.53184	.0052981	.032246
31	2001	4.60429	2.54669	.0035041	.0110157
31	2002	4.625974	2.569801	.0049047	.0183166
31	2003	4.638963	2.622108	.0059713	.0104165
31	2004	4.665129	2.634893	.0061508	-.0053544
31	2005	4.68342	2.63142	.0069083	-.0012285
31	2006	4.676942	2.635283	.0063358	.0251032
31	2007	4.667061	2.674403	.0060442	.0347076
31	2008	4.632133	2.713342	.0072283	.0386007
31	2009	4.630922	2.683051	.0090357	.0273611
31	2010	4.601664	2.685876	.0095849	.0448069
31	2011	4.563658	2.711947	.0068069	.0331212
32	1976	4.439394	2.321974	.0426	-.0068394
32	1977	4.511423	2.338386	.0472722	-.0740371
32	1978	4.606452	2.370321	.0589962	-.1048477
32	1979	4.691817	2.370534	.0616929	-.0764392
32	1980	4.60517	2.330103	.0572657	.0532669
32	1981	4.578206	2.289884	.0451752	.0310195
32	1982	4.565309	2.257401	.0391932	.0865789
32	1983	4.533261	2.294232	.022922	.1284839
32	1984	4.469771	2.304722	.0251182	.1248398
32	1985	4.439456	2.311623	.0278394	.1026777
32	1986	4.453329	2.32315	.0306312	.0489349
32	1987	4.436496	2.32836	.0426814	.0541495
32	1988	4.409352	2.358534	.049237	.0705986
32	1989	4.409352	2.370013	.0563871	.0430983
32	1990	4.437606	2.369192	.0706912	.0097377
32	1991	4.453743	2.372782	.0599942	.0217939
32	1992	4.458616	2.400187	.0417021	.0326139
32	1993	4.455643	2.402522	.0433344	.0426553
32	1994	4.455645	2.436061	.060546	.0412266
32	1995	4.469698	2.458537	.0534261	.044432
32	1996	4.476116	2.476567	.0521945	.0272577
32	1997	4.464724	2.478483	.0570253	.043592
32	1998	4.463235	2.494636	.0492661	.0255881
32	1999	4.433414	2.487534	.0430526	.0355949
32	2000	4.419669	2.484143	.0425125	.0366752
32	2001	4.429656	2.443697	.0387006	-.0108176
32	2002	4.475479	2.449036	.035298	-.0116157
32	2003	4.543137	2.481748	.0339463	-.0446211
32	2004	4.781754	2.539897	.0423874	-.2092629
32	2005	4.972754	2.584412	.0359664	-.1682272
32	2006	5.023432	2.579277	.0365403	-.0380419
32	2007	4.945515	2.577462	.0306106	.0933072
32	2008	4.698792	2.568897	.0200048	.2534965
32	2009	4.482337	2.467383	.0116274	.2343739
32	2010	4.324184	2.451709	.0072809	.181847
32	2011	4.154098	2.446923	.0070156	.1782895
33	1976	4.524459	2.039212	.0202744	-.0864044
33	1977	4.564548	2.077905	.0288987	-.0183644
33	1978	4.60922	2.136264	.0250478	-.0160483
33	1979	4.687428	2.154081	.019846	-.0847067
33	1980	4.60517	2.159177	.0134599	.0694435
33	1981	4.527806	2.163115	.0132961	.0974618
33	1982	4.517941	2.222038	.0117804	.1162509
33	1983	4.553293	2.260293	.0109285	.0252063
33	1984	4.641345	2.320603	.0193588	-.0192831
33	1985	4.777488	2.348511	.0201566	-.066255
33	1986	4.957807	2.388016	.0279976	-.1136904
33	1987	5.055651	2.416923	.0281213	-.0697899
33	1988	5.031148	2.433123	.0264768	.0523379
33	1989	4.978219	2.422275	.0200702	.0882377
33	1990	4.855617	2.371516	.0070919	.1484326
33	1991	4.7288	2.376332	-.0022094	.1647377
33	1992	4.672386	2.390116	.0070521	.1021897
33	1993	4.637626	2.377505	.0103897	.0722341
33	1994	4.611979	2.424098	.0115335	.0701511
33	1995	4.601356	2.447356	.0130438	.0648178
33	1996	4.605767	2.482038	.0147138	.0228846
33	1997	4.614767	2.47115	.012441	.0290207
33	1998	4.654945	2.523391	.0137893	-.0071585
33	1999	4.713411	2.536915	.013241	-.0360012
33	2000	4.796709	2.57836	.0145159	-.0589732
33	2001	4.870716	2.565539	.0125312	-.0645349
33	2002	4.957532	2.584826	.0107519	-.0621914
33	2003	5.010153	2.57497	.0084357	-.0490876
33	2004	5.089042	2.60376	.0080009	-.0644835
33	2005	5.156547	2.582727	.0064676	-.0577092
33	2006	5.155379	2.612485	.007593	.0148757
33	2007	5.121784	2.632527	.0031676	.0620651
33	2008	5.041953	2.634907	.0025612	.0828225
33	2009	4.98889	2.621017	.0001489	.0850497
33	2010	4.937893	2.63903	.0005355	.0727285
33	2011	4.879797	2.642348	.0010528	.0652558
34	1976	4.431614	2.214722	.0003625	.0528055
34	1977	4.43367	2.244166	-.0002794	.0189151
34	1978	4.493314	2.290497	.0019576	-.0346028
34	1979	4.587709	2.299365	.0022586	-.0868357
34	1980	4.60517	2.307871	.000445	-.0173965
34	1981	4.55812	2.318368	.0042129	.0797678
34	1982	4.545992	2.338228	.0031673	.1019182
34	1983	4.539995	2.374247	.0049419	.0644593
34	1984	4.6227	2.423668	.0063658	-.0148911
34	1985	4.727622	2.440115	.0066383	-.0276598
34	1986	4.884372	2.463532	.0074575	-.0974319
34	1987	5.033759	2.473755	.0063533	-.1280981
34	1988	5.075906	2.524786	.0054075	-.0026218
34	1989	5.02678	2.536618	.0017817	.0857461
34	1990	4.933045	2.529322	.0047617	.1171037
34	1991	4.853619	2.505602	.0066394	.1158431
34	1992	4.82941	2.531666	.0083889	.0592272
34	1993	4.813496	2.517698	.0086431	.0523556
34	1994	4.785847	2.51942	.0081928	.061483
34	1995	4.761837	2.547617	.0085648	.0768401
34	1996	4.751747	2.56561	.0081753	.0380252
34	1997	4.744194	2.588516	.0084568	.0502541
34	1998	4.76968	2.619066	.0083133	.0136539
34	1999	4.799177	2.62455	.0086712	-.001693
34	2000	4.854212	2.677307	.0084608	-.019036
34	2001	4.923481	2.682393	.0073331	-.0425613
34	2002	5.012154	2.695077	.0070368	-.0636047
34	2003	5.082938	2.687535	.0056849	-.0605657
34	2004	5.186738	2.700653	.0038477	-.0970778
34	2005	5.294382	2.685483	.0020146	-.1032929
34	2006	5.341027	2.725827	.0011211	-.0393663
34	2007	5.313457	2.741868	.0018693	.0472884
34	2008	5.223711	2.755065	.0038191	.0889245
34	2009	5.151617	2.714572	.0050968	.0928801
34	2010	5.102491	2.723791	.0050117	.0695142
34	2011	5.037936	2.721022	.0024473	.0703966
35	1976	4.562852	2.037277	.0275523	-.0102098
35	1977	4.622324	2.048532	.0248591	-.0681663
35	1978	4.63473	2.064506	.02148	-.0225221
35	1979	4.640242	2.022427	.0226602	-.0587117
35	1980	4.60517	2.010493	.0222879	.0297427
35	1981	4.610613	2.00092	.0176732	.013877
35	1982	4.634436	1.977547	.0230488	.0353521
35	1983	4.582532	1.99694	.0221459	.101275
35	1984	4.538738	2.037332	.0159067	.123381
35	1985	4.532254	2.071027	.0151599	.093792
35	1986	4.561512	2.090084	.0167996	.0551998
35	1987	4.54121	2.086482	.0107377	.0645804
35	1988	4.497975	2.106982	.0079607	.1040987
35	1989	4.494909	2.141113	.0090608	.0756644
35	1990	4.462523	2.155601	.0116829	.0713871
35	1991	4.453755	2.170632	.0219263	.0515291
35	1992	4.470209	2.178062	.0254791	.017109
35	1993	4.489655	2.180713	.0253803	.0052099
35	1994	4.544026	2.178306	.0276891	-.0401053
35	1995	4.567684	2.184104	.0223332	.0120235
35	1996	4.559442	2.181092	.0183907	.0301871
35	1997	4.546298	2.177738	.0127657	.0468081
35	1998	4.546289	2.207957	.0104504	.0316571
35	1999	4.529905	2.195916	.0081065	.0349677
35	2000	4.501876	2.212862	.0072312	.0557778
35	2001	4.498672	2.26005	.0057412	.0090972
35	2002	4.51519	2.262003	.0128122	.0147618
35	2003	4.553849	2.285632	.0119293	-.0089235
35	2004	4.623118	2.342566	.0138756	-.0288397
35	2005	4.715529	2.369247	.0148415	-.0708521
35	2006	4.805846	2.379796	.0153366	-.0811173
35	2007	4.846896	2.402685	.0141356	-.0151105
35	2008	4.797579	2.432971	.0102942	.0484826
35	2009	4.765124	2.410577	.0129169	.0641312
35	2010	4.710701	2.422529	.0141913	.0731995
35	2011	4.632066	2.413441	.0078643	.076292
36	1976	4.529582	2.170557	-.0031994	.1207834
36	1977	4.572292	2.200805	-.0068747	-.0217401
36	1978	4.553862	2.23532	-.0073702	.0434716
36	1979	4.594611	2.239732	-.0049089	-.0331896
36	1980	4.60517	2.240178	-.0038006	-.0104948
36	1981	4.556345	2.24738	.0000556	.0815431
36	1982	4.634149	2.27252	.0012519	.0119867
36	1983	4.644024	2.31209	.005509	.0485859
36	1984	4.750636	2.363451	.0033172	-.0387968
36	1985	4.876976	2.383584	.0025889	-.0490784
36	1986	5.01148	2.411868	.0023435	-.075186
36	1987	5.118047	2.414581	.0019844	-.0852776
36	1988	5.149139	2.46714	.0040472	.0084327
36	1989	5.106989	2.475119	.0023257	.07877
36	1990	5.04093	2.49118	.0020942	.0894281
36	1991	4.986497	2.451594	.0056291	.0908502
36	1992	4.972571	2.458401	.0068269	.0489438
36	1993	4.948767	2.440206	.0070069	.0602454
36	1994	4.904092	2.444981	.004589	.0785094
36	1995	4.874435	2.467218	.0034953	.0824863
36	1996	4.864908	2.480402	.0034682	.0374625
36	1997	4.852246	2.502233	.0036561	.0553639
36	1998	4.886098	2.521665	.0053116	.0052874
36	1999	4.922934	2.53147	.0067388	-.009032
36	2000	4.979761	2.555224	.0062852	-.020827
36	2001	5.044381	2.544659	.0042567	-.0379136
36	2002	5.118744	2.558607	.002876	-.0492939
36	2003	5.18547	2.563085	.0019909	-.0565083
36	2004	5.270364	2.589628	-.000228	-.0781717
36	2005	5.356472	2.602174	-.0020341	-.081757
36	2006	5.385622	2.633259	-.0014634	-.0218711
36	2007	5.365496	2.663923	.0014491	.0398445
36	2008	5.300513	2.673923	.0041779	.0641609
36	2009	5.254526	2.640881	.0049134	.0667733
36	2010	5.211475	2.674127	.0045548	.0634402
36	2011	5.164782	2.668959	.0036022	.0525343
37	1976	4.83143	2.188819	.0104895	.0486329
37	1977	4.805854	2.154103	.0133249	-.0116808
37	1978	4.791007	2.138522	.0125856	-.0266986
37	1979	4.72261	2.054429	.0106183	-.0091139
37	1980	4.60517	1.96851	.0166521	.0386511
37	1981	4.515389	1.93961	.0097293	.0776514
37	1982	4.468808	1.933095	.0104303	.1110624
37	1983	4.463283	1.965914	.0095818	.0677494
37	1984	4.477189	2.02864	.0142057	.0468386
37	1985	4.507626	2.047022	.0144878	.0376022
37	1986	4.543775	2.084253	.0107542	.0318613
37	1987	4.556803	2.091402	.0129063	.0116359
37	1988	4.546094	2.120144	.0119369	.045788
37	1989	4.515813	2.124194	.0130112	.0619533
37	1990	4.471198	2.108046	.0148994	.0613059
37	1991	4.441429	2.090943	.0178859	.0599989
37	1992	4.43413	2.122771	.0165094	.04143
37	1993	4.424326	2.127363	.0208908	.0400608
37	1994	4.43696	2.139467	.0203208	.0144028
37	1995	4.451616	2.150171	.0216462	.0296522
37	1996	4.462847	2.161936	.0210169	.0105888
37	1997	4.468594	2.168955	.0206051	.0189526
37	1998	4.504505	2.204467	.019695	.0066746
37	1999	4.521374	2.226109	.0177991	.009972
37	2000	4.525812	2.251028	.0165001	.0300531
37	2001	4.551867	2.244497	.0157762	-.0001449
37	2002	4.55943	2.242952	.0140395	.0195602
37	2003	4.562317	2.242132	.0114995	.0096873
37	2004	4.57276	2.269481	.0153931	.0030542
37	2005	4.596268	2.265873	.0176445	-.0206902
37	2006	4.632257	2.269121	.0240455	-.0273511
37	2007	4.650159	2.267809	.0222647	-.0058733
37	2008	4.619499	2.263203	.0207754	.0238346
37	2009	4.597185	2.231866	.0149389	.0452585
37	2010	4.537184	2.234109	.0116434	.0802522
37	2011	4.470966	2.232328	.0100088	.0672165
38	1976	4.66064	2.086335	.0106314	-.04162
38	1977	4.700475	2.058007	.0059871	-.0352566
38	1978	4.671713	2.199521	.0022772	.0212078
38	1979	4.715719	2.111423	.0023089	-.061825
38	1980	4.60517	1.934416	.0034106	.1102263
38	1981	4.586246	2.087698	.0077998	.0286736
38	1982	4.271107	2.082092	.0142542	.3663444
38	1983	4.392206	2.104913	.0114666	-.0378304
38	1984	4.474339	2.145087	.0056175	-.000975
38	1985	4.40313	2.145668	-.0051861	.14788
38	1986	4.402592	2.160571	-.0110897	.0794386
38	1987	4.370271	2.169262	-.0125835	.074028
38	1988	4.289152	2.038527	-.0088282	.1188582
38	1989	4.264129	2.129033	-.0137962	.0757838
38	1990	4.242422	2.189832	-.0134983	.0636415
38	1991	4.241676	2.180786	-.0030343	.0552258
38	1992	4.246772	2.238927	.0038776	.0305363
38	1993	4.263249	2.204796	.0046786	.0188855
38	1994	4.292385	2.257275	.00558	-.0027552
38	1995	4.316223	2.219572	.004685	.0305606
38	1996	4.321784	2.304857	.0039285	.0181493
38	1997	4.321348	2.252199	-.0010245	.0434563
38	1998	4.354955	2.344634	-.0033671	.0033029
38	1999	4.33926	2.325886	-.0050674	.0317985
38	2000	4.317344	2.371281	-.0034767	.0477179
38	2001	4.330325	2.369366	-.0046227	.0016847
38	2002	4.356027	2.390347	-.0013999	.0072872
38	2003	4.389894	2.464435	.0010165	-.0104806
38	2004	4.430502	2.45121	.0091748	-.0271724
38	2005	4.480683	2.478251	.0021444	-.0352797
38	2006	4.526102	2.486604	.0051455	-.0171446
38	2007	4.551005	2.550565	.0052218	-.0027022
38	2008	4.544209	2.633419	.0072452	.0065956
38	2009	4.564127	2.617636	.0111892	.010411
38	2010	4.557968	2.673179	.014424	.0251612
38	2011	4.561358	2.726879	.0136956	-.0048064
39	1976	4.634451	2.186285	-.001651	.0070305
39	1977	4.668931	2.218477	.0017191	-.0284587
39	1978	4.72309	2.24433	.0022441	-.0465075
39	1979	4.718295	2.215274	.00029	-.0283953
39	1980	4.60517	2.168597	.0001933	.0797769
39	1981	4.521278	2.148739	-.0011408	.1095688
39	1982	4.428919	2.134943	-.0029009	.1631686
39	1983	4.392511	2.122167	-.0018101	.0672045
39	1984	4.376023	2.191909	.0000104	.098233
39	1985	4.375331	2.218978	-.0002624	.086268
39	1986	4.409657	2.248679	-.0004336	.0428402
39	1987	4.447136	2.253963	.0027742	.0036031
39	1988	4.473814	2.287059	.0035692	.0251453
39	1989	4.472196	2.297277	.0028354	.0423816
39	1990	4.465795	2.302046	.0032218	.038431
39	1991	4.465783	2.286472	.0074829	.0413936
39	1992	4.489698	2.321643	.0076149	.0271954
39	1993	4.502438	2.325325	.0064806	.0279974
39	1994	4.519938	2.349097	.0046118	.0111959
39	1995	4.541017	2.358992	.0044998	.0327718
39	1996	4.563618	2.361843	.003571	.0065547
39	1997	4.579264	2.38871	.0030666	.0235377
39	1998	4.601593	2.42137	.0030262	.0096454
39	1999	4.621178	2.438623	.0021122	.0108599
39	2000	4.625088	2.453366	.0024749	.029404
39	2001	4.648315	2.44868	.0020976	-.0003771
39	2002	4.679631	2.482308	.0017973	.0167733
39	2003	4.694921	2.504656	.0023552	.0086143
39	2004	4.699922	2.504348	.001526	.0063126
39	2005	4.701592	2.490944	.0009661	.0064263
39	2006	4.690653	2.517481	.0015597	.0382526
39	2007	4.65938	2.522496	.0016757	.0537077
39	2008	4.603942	2.529094	.0012968	.0575744
39	2009	4.595494	2.525903	.0011721	.046104
39	2010	4.550465	2.530724	.0007866	.0621883
39	2011	4.489056	2.540892	.000605	.0642478
40	1976	4.489674	2.09521	.0184226	-.0346901
40	1977	4.532228	2.11409	.0149542	-.0408171
40	1978	4.635998	2.140935	.0163081	-.0980288
40	1979	4.666758	2.151919	.0193862	-.0600567
40	1980	4.60517	2.111425	.0235179	.0131846
40	1981	4.569882	2.131696	.0180555	.0529316
40	1982	4.607277	2.145816	.034902	.0528166
40	1983	4.619067	2.13378	.0259461	.0549923
40	1984	4.538432	2.170405	-.0014809	.1522298
40	1985	4.463337	2.177321	-.004332	.1521848
40	1986	4.427187	2.194485	-.0057014	.11246
40	1987	4.321088	2.164824	-.0131866	.1499675
40	1988	4.217227	2.187911	-.0135046	.1626119
40	1989	4.207241	2.223821	-.005306	.0720219
40	1990	4.171074	2.222617	-.0004696	.0724696
40	1991	4.159742	2.210008	.0084168	.0476755
40	1992	4.169733	2.240925	.0140957	.036886
40	1993	4.182097	2.245068	.0098159	.0285605
40	1994	4.19613	2.251541	.0087721	.0154577
40	1995	4.20406	2.254178	.0082767	.0440037
40	1996	4.216792	2.272525	.0096028	.0172091
40	1997	4.229253	2.295308	.0097685	.0360162
40	1998	4.263056	2.328685	.009524	.0071705
40	1999	4.274072	2.337583	.0093399	.0079414
40	2000	4.270573	2.374757	.0049969	.028568
40	2001	4.290822	2.406521	.0036799	-.0026719
40	2002	4.315825	2.409616	.0063196	.0119901
40	2003	4.335423	2.423566	.0045216	.0008383
40	2004	4.361602	2.478247	.0057868	.001232
40	2005	4.37779	2.489196	.0066058	-.0070131
40	2006	4.396728	2.539306	.0127385	-.0035545
40	2007	4.423308	2.557023	.0111392	.0046112
40	2008	4.402473	2.61593	.0094826	.0149612
40	2009	4.416405	2.542356	.0131582	.0174666
40	2010	4.405429	2.582185	.0113971	.042905
40	2011	4.361321	2.599319	.0082959	.047197
41	1976	4.495317	2.223888	.0202414	-.0505133
41	1977	4.610489	2.219191	.0279348	-.1206834
41	1978	4.693739	2.230711	.0283933	-.0995504
41	1979	4.690817	2.200209	.027008	-.0333206
41	1980	4.60517	2.163898	.0241053	.0692478
41	1981	4.459188	2.151307	.0100833	.1860097
41	1982	4.454903	2.152058	-.0011498	.1190948
41	1983	4.454029	2.214938	-.0044558	.0943121
41	1984	4.407288	2.261106	.0050823	.1267846
41	1985	4.363195	2.26696	.0022696	.1206569
41	1986	4.360325	2.29366	.0040619	.0808099
41	1987	4.345921	2.315406	.006489	.0605572
41	1988	4.348567	2.36294	.0148106	.0503629
41	1989	4.383281	2.367882	.0178179	.0076862
41	1990	4.461343	2.375106	.0247036	-.0524747
41	1991	4.502866	2.353464	.02354	-.010384
41	1992	4.536159	2.348179	.0213674	-.0061124
41	1993	4.576724	2.355857	.0226747	-.0090153
41	1994	4.648448	2.379614	.0197032	-.0428357
41	1995	4.708955	2.41357	.0200161	-.0111766
41	1996	4.747206	2.426382	.0195115	-.0163925
41	1997	4.775479	2.430419	.017462	.0040458
41	1998	4.805661	2.459877	.0144634	.0064925
41	1999	4.79874	2.461035	.0123007	.021736
41	2000	4.796222	2.486888	.0104833	.0383119
41	2001	4.82666	2.490908	.0110848	-.0032569
41	2002	4.860652	2.526431	.0130312	.0087615
41	2003	4.894032	2.546376	.0096171	-.0063896
41	2004	4.958876	2.553771	.006207	-.0487827
41	2005	5.086965	2.541046	.0121792	-.1112063
41	2006	5.215364	2.575517	.0158379	-.1098875
41	2007	5.234869	2.580204	.013941	-.0083098
41	2008	5.168743	2.590021	.0123697	.0712882
41	2009	5.08139	2.550499	.0105188	.1113557
41	2010	4.998823	2.5572	.0077762	.1074383
41	2011	4.901534	2.561315	.0086969	.1029844
42	1976	4.714468	2.172074	-.0008661	.0176933
42	1977	4.702281	2.196698	-.000473	.0194089
42	1978	4.693298	2.208641	-.0014388	.0039794
42	1979	4.69265	2.19961	.0007405	-.0134009
42	1980	4.60517	2.166193	-.0004429	.0665237
42	1981	4.536138	2.16223	-.0008207	.0971798
42	1982	4.510457	2.183508	-.0011326	.1160419
42	1983	4.491776	2.173777	-.0006266	.0547116
42	1984	4.509833	2.219782	-.0019068	.0655662
42	1985	4.551195	2.257046	-.0037573	.0497314
42	1986	4.634581	2.294314	.0010095	-.0035739
42	1987	4.748483	2.313354	.0023833	-.0722476
42	1988	4.842308	2.359037	.0029494	-.0380602
42	1989	4.859238	2.387611	.0017069	.0297079
42	1990	4.834657	2.395133	.0031391	.0571377
42	1991	4.812975	2.399192	.0066036	.0629649
42	1992	4.803788	2.405547	.0055998	.0443171
42	1993	4.792217	2.405928	.0058152	.049298
42	1994	4.75957	2.401959	.0038151	.0571031
42	1995	4.736254	2.40499	.0026558	.0698001
42	1996	4.730421	2.421318	.0018069	.0358761
42	1997	4.719659	2.43771	.0006013	.0520606
42	1998	4.740391	2.490143	.0014594	.0207521
42	1999	4.744256	2.502893	.0014797	.022819
42	2000	4.74631	2.528659	.0016594	.0312598
42	2001	4.784444	2.522931	.0012038	-.0129678
42	2002	4.838553	2.561185	.0026034	-.0123672
42	2003	4.884368	2.57738	.0035317	-.0252303
42	2004	4.952128	2.590683	.0029101	-.0567751
42	2005	5.026423	2.573718	.003159	-.0685803
42	2006	5.070989	2.602271	.0048732	-.0309776
42	2007	5.070872	2.616868	.0042376	.0185947
42	2008	5.016863	2.621505	.0038408	.043906
42	2009	4.990656	2.601883	.0043176	.0474585
42	2010	4.955727	2.616104	.0040075	.0568564
42	2011	4.893482	2.606238	.0019767	.0522098
44	1976	4.532047	2.058903	.004199	.0259665
44	1977	4.549463	2.096416	.0050455	.0043078
44	1978	4.627834	2.121315	.0022056	-.0497474
44	1979	4.656785	2.120671	-.0006207	-.0354495
44	1980	4.60517	2.133574	-.0082607	.038801
44	1981	4.512354	2.135639	.0044579	.1129132
44	1982	4.496437	2.174326	.0012144	.1223034
44	1983	4.548427	2.204729	.0023156	.0085685
44	1984	4.570243	2.256694	.0057479	.0469529
44	1985	4.653214	2.275528	.0073139	-.0130834
44	1986	4.819702	2.304972	.0086154	-.0998593
44	1987	5.045566	2.311171	.0124713	-.1978092
44	1988	5.115405	2.347623	.0068499	-.0420044
44	1989	5.098961	2.371384	.0042652	.0517525
44	1990	5.030099	2.339767	.0053113	.0946921
44	1991	4.951587	2.309371	.0046156	.1164331
44	1992	4.910367	2.330252	.0019098	.0869953
44	1993	4.877783	2.336789	.0024964	.0700578
44	1994	4.834198	2.349562	.000835	.0880901
44	1995	4.813234	2.376936	.0010251	.075158
44	1996	4.791572	2.382139	.0038187	.0489581
44	1997	4.771514	2.397959	.0043592	.0580786
44	1998	4.786784	2.420484	.0056426	.01775
44	1999	4.803792	2.423162	.0089276	.0054564
44	2000	4.860923	2.434068	.0094382	-.0328063
44	2001	4.925209	2.451917	.0065237	-.0548145
44	2002	5.043018	2.480546	.0083396	-.0931834
44	2003	5.142519	2.492933	.0050034	-.0959684
44	2004	5.285431	2.510601	.0030169	-.128506
44	2005	5.380239	2.504241	-.0062199	-.0850134
44	2006	5.390417	2.527412	-.0045237	.0035313
44	2007	5.345774	2.557581	-.0054527	.0731124
44	2008	5.232603	2.569805	-.0021891	.1161625
44	2009	5.160684	2.563694	-.0012871	.1039062
44	2010	5.103441	2.585648	-.0010616	.0789741
44	2011	5.035611	2.590663	-.0011655	.0749899
45	1976	4.634349	1.908746	.0141228	.0292741
45	1977	4.633047	1.920468	.0160438	.012883
45	1978	4.644955	1.953714	.0172769	-.0019724
45	1979	4.65423	1.947909	.0149537	-.0165683
45	1980	4.60517	1.922788	.0153078	.0269029
45	1981	4.581543	1.908065	.0141766	.0330675
45	1982	4.557121	1.909699	.0088795	.1080029
45	1983	4.540243	1.945038	.0082144	.0816566
45	1984	4.529055	2.017069	.0116191	.0867063
45	1985	4.526543	2.030586	.0095352	.0712339
45	1986	4.543225	2.051861	.0119015	.0453649
45	1987	4.553095	2.069268	.0112292	.0233216
45	1988	4.55919	2.114339	.0093014	.0476763
45	1989	4.550927	2.131861	.0130096	.0529079
45	1990	4.539767	2.147438	.0127563	.0498081
45	1991	4.53572	2.150548	.0195858	.0535547
45	1992	4.548719	2.17902	.0139234	.0383494
45	1993	4.539958	2.180205	.011766	.0399943
45	1994	4.542538	2.206662	.0114222	.0321676
45	1995	4.54752	2.216443	.0115872	.0445908
45	1996	4.55776	2.227673	.0126229	.0130212
45	1997	4.581789	2.249861	.0165879	.0233517
45	1998	4.622266	2.291479	.0153081	.0005524
45	1999	4.651216	2.31175	.0140483	-.003837
45	2000	4.660193	2.344782	.0123871	.023034
45	2001	4.687917	2.337484	.0100807	-.0084218
45	2002	4.711645	2.359396	.0104739	.0153853
45	2003	4.730952	2.376424	.0102935	.0067074
45	2004	4.762295	2.408088	.0145015	-.0030295
45	2005	4.805621	2.413436	.0139676	-.0317652
45	2006	4.853785	2.438424	.0203292	-.0295729
45	2007	4.867959	2.441363	.0196015	.0018794
45	2008	4.84511	2.452111	.0189207	.0285439
45	2009	4.851961	2.44947	.0133519	.0451423
45	2010	4.797184	2.46198	.0102383	.0798529
45	2011	4.732983	2.461592	.0090431	.0707879
46	1976	4.571473	2.005362	.0079269	.0732586
46	1977	4.58519	2.077042	.0031239	-.0091388
46	1978	4.615502	2.122527	.0004368	-.0378666
46	1979	4.622803	2.109532	-.000399	-.02512
46	1980	4.60517	1.9876	.0026568	.0173108
46	1981	4.432121	2.030682	-.0018357	.1827984
46	1982	4.389598	1.986135	.0014679	.0937285
46	1983	4.414428	2.016469	.0034865	.0584392
46	1984	4.433799	2.112676	.006101	.0617868
46	1985	4.392807	2.096877	.0016537	.1176628
46	1986	4.427429	2.130423	-.0033963	.044279
46	1987	4.419116	2.149189	-2.87e-06	.0500198
46	1988	4.350001	2.136646	.0030498	.1068543
46	1989	4.336316	2.164254	-.0020963	.064446
46	1990	4.331639	2.213541	.0005783	.0466108
46	1991	4.35766	2.224643	.0093778	.0284595
46	1992	4.382979	2.252229	.0128942	.0103122
46	1993	4.417932	2.244139	.0130431	.0004104
46	1994	4.457984	2.285168	.0118808	-.0136724
46	1995	4.478281	2.261767	.0097161	.0341021
46	1996	4.489851	2.332911	.0057941	.0121402
46	1997	4.506491	2.317111	.0027045	.0263803
46	1998	4.528668	2.371789	.0024626	.0147337
46	1999	4.530903	2.379821	.005819	.0138676
46	2000	4.528386	2.404669	.0072126	.0283202
46	2001	4.543516	2.423805	.0028114	-.0004649
46	2002	4.569091	2.429721	.0026983	.0074135
46	2003	4.592368	2.509362	.0048683	.0001104
46	2004	4.62021	2.537162	.0086917	-.0144065
46	2005	4.661691	2.53226	.0065943	-.0265794
46	2006	4.692372	2.523808	.0096759	-.0024079
46	2007	4.704948	2.582362	.0109104	.0096259
46	2008	4.693717	2.637857	.0094309	.0110302
46	2009	4.704535	2.604477	.0098906	.0195119
46	2010	4.67786	2.622661	.0117402	.0456766
46	2011	4.64728	2.694373	.0091231	.0291635
47	1976	4.646605	2.016621	.0159098	.0500059
47	1977	4.673584	2.037754	.0166716	-.0233864
47	1978	4.695928	2.063915	.0134711	-.0304627
47	1979	4.672206	2.041091	.0159333	-.0025423
47	1980	4.60517	1.99796	.0146616	.0479219
47	1981	4.581	2.032574	.0059407	.0816081
47	1982	4.525726	2.022567	.0039641	.1245501
47	1983	4.512606	2.024384	.0029474	.057406
47	1984	4.502823	2.099294	.0057746	.0923493
47	1985	4.556223	2.136295	.006073	.0385879
47	1986	4.611416	2.18731	.0049537	.0273704
47	1987	4.637576	2.208029	.0092907	.0054552
47	1988	4.626886	2.248069	.0082244	.0605435
47	1989	4.599619	2.265018	.0066125	.0776546
47	1990	4.559325	2.276012	.0082184	.0771161
47	1991	4.535991	2.281504	.0146224	.0662298
47	1992	4.546706	2.333347	.0166043	.0392452
47	1993	4.552634	2.347245	.0172458	.0328549
47	1994	4.566956	2.359962	.0181033	.0103411
47	1995	4.596161	2.382912	.01809	.0222596
47	1996	4.626879	2.391195	.0167	.0027921
47	1997	4.654037	2.410921	.0151324	.0220691
47	1998	4.685944	2.451587	.0127945	.0039615
47	1999	4.691452	2.462957	.0122515	.0156009
47	2000	4.683722	2.481634	.0114638	.0397581
47	2001	4.712703	2.497226	.0082186	.0039834
47	2002	4.728951	2.523173	.0078168	.0217219
47	2003	4.742254	2.541858	.0089137	.0073941
47	2004	4.765068	2.568748	.0107151	.0009664
47	2005	4.799645	2.567617	.0134851	-.0208625
47	2006	4.831905	2.570373	.0161776	-.0258818
47	2007	4.850623	2.580253	.0141812	.0012093
47	2008	4.81868	2.577714	.0115405	.0306414
47	2009	4.808257	2.559214	.0093374	.0403778
47	2010	4.760742	2.579693	.0081206	.0643754
47	2011	4.706604	2.580783	.0071966	.0575635
48	1976	4.502311	2.130556	.0263122	-.0030613
48	1977	4.547151	2.142046	.0221141	-.0425758
48	1978	4.598464	2.176788	.0229266	-.0619513
48	1979	4.615441	2.157335	.0284544	-.0504155
48	1980	4.60517	2.146282	.0319522	.0003369
48	1981	4.597572	2.177722	.0280656	.0376585
48	1982	4.627896	2.177687	.0389101	.048636
48	1983	4.618087	2.200371	.0270431	.0870383
48	1984	4.598415	2.25961	.016085	.1097295
48	1985	4.578857	2.291614	.0164586	.1121625
48	1986	4.60294	2.317479	.0175665	.077396
48	1987	4.511868	2.30817	.0036563	.137156
48	1988	4.42979	2.339097	.00272	.1409989
48	1989	4.391429	2.350844	.0083462	.0881094
48	1990	4.348924	2.36119	.014767	.0692012
48	1991	4.334642	2.358632	.0198092	.0585481
48	1992	4.337379	2.386492	.0205784	.0360885
48	1993	4.333337	2.386466	.0223761	.0372774
48	1994	4.321567	2.390607	.0219174	.0360936
48	1995	4.326379	2.419183	.0210381	.0593041
48	1996	4.332048	2.447303	.0199276	.0302988
48	1997	4.334881	2.489166	.0204699	.0442231
48	1998	4.372199	2.538507	.0209149	.0084996
48	1999	4.411915	2.566025	.0196829	-.0053755
48	2000	4.43454	2.602542	.0186152	.0076549
48	2001	4.469401	2.600542	.0177518	-.0126557
48	2002	4.501579	2.61341	.0172384	.0157059
48	2003	4.50385	2.618082	.0155811	.0103546
48	2004	4.495955	2.636997	.0163467	.0145785
48	2005	4.503641	2.655085	.0170065	-.0008424
48	2006	4.531506	2.679784	.0252066	-.0117409
48	2007	4.565329	2.70984	.0200213	-.0039928
48	2008	4.554883	2.74394	.0198198	.0150506
48	2009	4.556899	2.686321	.0200664	.0204079
48	2010	4.527398	2.710387	.0180488	.0476825
48	2011	4.483584	2.715325	.0165419	.0456692
49	1976	4.552958	2.067425	.0306691	-.0141795
49	1977	4.616519	2.081904	.0340393	-.0722566
49	1978	4.694088	2.096808	.0356771	-.0876847
49	1979	4.676792	2.048033	.0373085	-.0359041
49	1980	4.60517	2.024853	.0391238	.0662932
49	1981	4.569704	2.009634	.0287008	.0547863
49	1982	4.505235	1.985276	.0278775	.1236442
49	1983	4.468696	1.996622	.0232335	.0859098
49	1984	4.431274	2.043195	.0170328	.1170085
49	1985	4.429544	2.060732	.0125983	.0890379
49	1986	4.444122	2.085038	.0120537	.0698807
49	1987	4.394892	2.080226	.0091513	.0935082
49	1988	4.341005	2.093984	.0066827	.1147503
49	1989	4.338518	2.134247	.0097155	.075086
49	1990	4.326948	2.141836	.0147558	.0505703
49	1991	4.344972	2.151359	.0276617	.0247376
49	1992	4.371335	2.155734	.0315346	.0071998
49	1993	4.433632	2.155018	.0329892	-.0376406
49	1994	4.543976	2.160494	.0321585	-.0960783
49	1995	4.61316	2.168466	.0270387	-.0335025
49	1996	4.661514	2.190359	.0263597	-.0264096
49	1997	4.688532	2.209805	.0247438	.0066455
49	1998	4.714454	2.241046	.0215495	.0057276
49	1999	4.697646	2.243859	.0171752	.0353906
49	2000	4.668426	2.273242	.0184448	.0569689
49	2001	4.665514	2.278558	.0173198	.0088064
49	2002	4.659662	2.284804	.017837	.0371302
49	2003	4.665439	2.292184	.0150792	.0239592
49	2004	4.694763	2.33764	.0174072	.0111059
49	2005	4.764996	2.367786	.0231068	-.0486744
49	2006	4.876895	2.388095	.0272082	-.1026999
49	2007	4.970402	2.415557	.0282023	-.0675679
49	2008	4.920158	2.430837	.0248201	.0494101
49	2009	4.845318	2.388709	.0224246	.1065163
49	2010	4.764248	2.38535	.0189345	.0998466
49	2011	4.676268	2.381495	.0149279	.0856371
50	1976	4.571289	1.963698	.0108805	.0799092
50	1977	4.592893	1.973127	.0143866	.0001198
50	1978	4.700716	2.047207	.0123379	-.0791992
50	1979	4.651849	2.04856	.0147952	.0423689
50	1980	4.60517	2.027227	.0133822	.0338643
50	1981	4.415014	2.033404	.0059721	.2102538
50	1982	4.547779	2.071366	.0067923	-.0263787
50	1983	4.526656	2.086466	.0080468	.081681
50	1984	4.539496	2.132874	.0063926	.0559284
50	1985	4.574047	2.15489	.0063917	.0353375
50	1986	4.655259	2.189821	.0075764	-.0145841
50	1987	4.746207	2.210764	.011544	-.0628934
50	1988	4.820912	2.226807	.0174238	-.04687
50	1989	4.846467	2.251021	.0143483	.0097537
50	1990	4.803615	2.222836	.0126326	.068683
50	1991	4.750506	2.199499	.0067196	.0910287
50	1992	4.735195	2.236568	.0072633	.0610868
50	1993	4.715845	2.233312	.0086867	.0568242
50	1994	4.706346	2.263156	.0104823	.0540039
50	1995	4.687205	2.278925	.0088095	.0733346
50	1996	4.67326	2.291958	.0079462	.0412414
50	1997	4.655649	2.302542	.0059415	.055632
50	1998	4.65634	2.350538	.0053054	.0323288
50	1999	4.672563	2.377453	.0070816	.0062413
50	2000	4.701553	2.401351	.0081282	-.0046653
50	2001	4.733159	2.407712	.0042641	-.0221345
50	2002	4.780485	2.418984	.0052441	-.0227007
50	2003	4.813308	2.427191	.0039179	-.0292898
50	2004	4.9113	2.455133	.0033318	-.0835865
50	2005	5.009212	2.431322	.0020868	-.0881161
50	2006	5.056789	2.470437	.0026959	-.033869
50	2007	5.064033	2.498686	.0009451	.0212259
50	2008	5.029652	2.513016	.001074	.0373728
50	2009	5.017522	2.522245	.0010665	.0441161
50	2010	4.991942	2.540121	.0017462	.0473116
50	2011	4.961643	2.547361	.0008336	.0374595
51	1976	4.812044	2.331343	.0149787	.0465043
51	1977	4.787633	2.309986	.0141249	-.0128457
51	1978	4.775021	2.292601	.0149511	-.0289345
51	1979	4.697864	2.231898	.0076185	-.0003525
51	1980	4.60517	2.166994	.0081926	.0139042
51	1981	4.510783	2.127676	.0140137	.0822576
51	1982	4.443296	2.128596	.0089041	.1319674
51	1983	4.483081	2.16909	.0130008	.0224399
51	1984	4.475244	2.215323	.0141334	.0685819
51	1985	4.482524	2.230121	.0125507	.0607588
51	1986	4.520494	2.264038	.0167514	.0300398
51	1987	4.573153	2.270208	.0205357	-.0279936
51	1988	4.638124	2.29495	.0174845	-.0298922
51	1989	4.656029	2.292464	.0137103	.0137675
51	1990	4.604576	2.265916	.0156665	.0681432
51	1991	4.554931	2.252219	.013474	.0798745
51	1992	4.536065	2.260112	.0177882	.0529971
51	1993	4.511357	2.256099	.0147517	.0549653
51	1994	4.487614	2.263495	.0127469	.0507803
51	1995	4.466513	2.263109	.0116942	.0654083
51	1996	4.453386	2.263876	.0119497	.0349471
51	1997	4.43202	2.269362	.0115316	.046066
51	1998	4.450519	2.29675	.0104494	.0240863
51	1999	4.472206	2.315918	.0142806	.0051541
51	2000	4.50608	2.350245	.0149787	.000617
51	2001	4.56307	2.380019	.0129398	-.0310797
51	2002	4.623316	2.396333	.012221	-.0331237
51	2003	4.673935	2.414761	.0109329	-.0380436
51	2004	4.784478	2.440258	.0146336	-.0970468
51	2005	4.920166	2.444271	.0134902	-.132869
51	2006	4.984385	2.462475	.012671	-.0555828
51	2007	4.966056	2.473198	.0100197	.0303586
51	2008	4.876524	2.470259	.010587	.0827063
51	2009	4.822939	2.44602	.0117316	.076529
51	2010	4.771433	2.457144	.0122906	.0717579
51	2011	4.716554	2.454899	.0090135	.0558782
53	1976	4.406118	2.282065	.0196294	-.0560328
53	1977	4.509019	2.287351	.0219223	-.1074185
53	1978	4.638066	2.308428	.0297287	-.1411647
53	1979	4.680476	2.304418	.0320675	-.0567704
53	1980	4.60517	2.247495	.034738	.0307663
53	1981	4.526299	2.23095	.0193203	.100178
53	1982	4.46293	2.237647	.0095916	.1469806
53	1983	4.462229	2.287374	.0055307	.0890569
53	1984	4.454003	2.316486	.010039	.0883421
53	1985	4.454254	2.334262	.0129097	.0886198
53	1986	4.472797	2.379458	.0118897	.0629945
53	1987	4.480987	2.391071	.0176259	.0394504
53	1988	4.501805	2.420784	.0235496	.0334464
53	1989	4.583637	2.440298	.022677	-.0368478
53	1990	4.709585	2.431891	.0324875	-.1149273
53	1991	4.717744	2.428767	.0246936	.0167661
53	1992	4.72231	2.441524	.0265336	.0298462
53	1993	4.733407	2.442336	.0226235	.0272324
53	1994	4.746194	2.44329	.0180818	.0109972
53	1995	4.749661	2.445818	.019504	.0443411
53	1996	4.746377	2.465302	.0160582	.0262103
53	1997	4.751549	2.479278	.0186753	.026304
53	1998	4.788627	2.514116	.0165702	-.0101044
53	1999	4.810672	2.525441	.0125736	-.0048038
53	2000	4.825334	2.557277	.0115627	.0155706
53	2001	4.849225	2.553821	.0126445	-.0079205
53	2002	4.872982	2.565723	.0110695	.0074419
53	2003	4.899859	2.583093	.0085167	-.0021005
53	2004	4.977904	2.635651	.0121359	-.0489481
53	2005	5.097763	2.619566	.0126506	-.1055157
53	2006	5.206656	2.650406	.0179681	-.1009897
53	2007	5.236406	2.66923	.0141573	-.0202217
53	2008	5.170736	2.688148	.0154557	.0619039
53	2009	5.079441	2.63988	.0159032	.1106871
53	2010	5.010965	2.648263	.0112636	.1028384
53	2011	4.921688	2.653069	.0128327	.0967446
54	1976	4.741005	2.158576	.0198458	.0287168
54	1977	4.771075	2.148295	.0149025	-.0673262
54	1978	4.743847	2.131437	.0076917	-.014319
54	1979	4.643553	2.057052	.0097011	.0227842
54	1980	4.60517	1.95685	.0063166	-.0404061
54	1981	4.412264	1.90404	.0014216	.1807765
54	1982	4.293859	1.892055	-.0023157	.1828855
54	1983	4.25	1.880322	-.002335	.1060838
54	1984	4.177636	1.907044	-.0089663	.1331089
54	1985	4.133497	1.907134	-.0108828	.1121781
54	1986	4.147331	1.919446	-.0129206	.0541763
54	1987	4.11288	1.907959	-.0132459	.0591155
54	1988	4.073177	1.93893	-.0148438	.0747812
54	1989	4.046333	1.938857	-.0130023	.0585173
54	1990	4.008732	1.948223	-.0077919	.0542906
54	1991	3.99116	1.945649	.0034456	.0478022
54	1992	4.000555	1.978582	.0042805	.0247362
54	1993	4.008492	1.971635	.0061192	.0223196
54	1994	4.028642	1.980619	.0015844	.0068879
54	1995	4.036453	1.977364	.0017996	.0364962
54	1996	4.037679	1.982289	-.0004892	.0205938
54	1997	4.02784	1.980497	-.0020291	.0345394
54	1998	4.059506	2.022964	-.0019281	.0109189
54	1999	4.058506	2.030283	-.0021007	.027841
54	2000	4.04357	2.049215	-.0026406	.0494274
54	2001	4.070742	2.086028	-.0030705	-.0012616
54	2002	4.082592	2.107167	.0021808	.015272
54	2003	4.092474	2.106308	.0038041	.002694
54	2004	4.123915	2.114753	.0022834	-.0179452
54	2005	4.173405	2.097718	.0022294	-.0466712
54	2006	4.199242	2.131254	.0040675	-.0172002
54	2007	4.188142	2.129741	.0033534	.0231293
54	2008	4.145488	2.139478	.0034063	.035828
54	2009	4.128185	2.145864	.0040482	.0402474
54	2010	4.101925	2.158792	.0035617	.0465117
54	2011	4.055878	2.164356	.000537	.0470458
55	1976	4.597063	2.171901	.0032929	.0424191
55	1977	4.672114	2.208381	.0062212	-.0656397
55	1978	4.73705	2.229619	.0040334	-.0637746
55	1979	4.715664	2.213443	.0073064	-.015512
55	1980	4.60517	2.170652	.0098389	.0789774
55	1981	4.482582	2.140791	.0030302	.1401061
55	1982	4.380626	2.147812	.0005324	.1921077
55	1983	4.434626	2.151551	-.0015712	.0067375
55	1984	4.414162	2.205065	.0029889	.1018666
55	1985	4.408628	2.219587	.0025717	.0889704
55	1986	4.439105	2.265833	.0016541	.0576925
55	1987	4.434417	2.273791	.0046778	.0380229
55	1988	4.442338	2.285562	.0092639	.0400761
55	1989	4.454809	2.31655	.0070622	.0370207
55	1990	4.460898	2.316187	.0098338	.0322792
55	1991	4.461397	2.299886	.0121152	.0339528
55	1992	4.477426	2.326129	.0122237	.0178764
55	1993	4.490514	2.324063	.0117685	.0170913
55	1994	4.541583	2.342959	.0095492	-.0274698
55	1995	4.574222	2.351638	.0099159	.0183137
55	1996	4.594962	2.369838	.0086704	.0115516
55	1997	4.61941	2.3972	.0069029	.0221453
55	1998	4.641257	2.450272	.005956	.0172006
55	1999	4.669465	2.469049	.0065838	-.0019966
55	2000	4.699335	2.493877	.007721	.0072368
55	2001	4.732447	2.513184	.0060916	.0002678
55	2002	4.768525	2.544199	.0070636	.001016
55	2003	4.79415	2.558388	.0062321	-.0061671
55	2004	4.857795	2.580709	.0063354	-.0361155
55	2005	4.905488	2.573755	.0058119	-.0328618
55	2006	4.914422	2.599813	.0056616	.0102047
55	2007	4.906313	2.609397	.0059204	.0338229
55	2008	4.849524	2.602812	.0053718	.0492239
55	2009	4.823421	2.589898	.0049987	.0514509
55	2010	4.763867	2.590964	.0039425	.0646343
55	2011	4.704252	2.585335	.0035267	.0593428
56	1976	4.510108	2.281521	.0385885	-.0679214
56	1977	4.570455	2.32202	.0398677	-.0690422
56	1978	4.639014	2.368833	.0459872	-.0786739
56	1979	4.675646	2.325223	.0474812	-.0898329
56	1980	4.60517	2.319147	.0482473	.0651474
56	1981	4.608301	2.299212	.0362956	.0161887
56	1982	4.544559	2.271854	.0294337	.122917
56	1983	4.438257	2.178326	.0077581	.155674
56	1984	4.328032	2.203451	-.0107345	.1898111
56	1985	4.274734	2.228954	-.0103506	.140606
56	1986	4.26755	2.240556	-.0081642	.0916431
56	1987	4.136443	2.212177	-.0383905	.1753849
56	1988	4.047184	2.22105	-.0251863	.1501221
56	1989	4.051048	2.295832	-.0145756	.068735
56	1990	4.084104	2.342943	-.0102691	.0059446
56	1991	4.098066	2.345626	.0122024	.0287993
56	1992	4.123599	2.350063	.0151076	.0080305
56	1993	4.155262	2.341734	.0145425	-.0070076
56	1994	4.20979	2.330944	.0151089	-.0402617
56	1995	4.241977	2.318478	.0101032	.0034938
56	1996	4.256392	2.302018	.0061788	.0075302
56	1997	4.254246	2.332395	.0026268	.0358098
56	1998	4.26491	2.37831	.0027259	.0209845
56	1999	4.264072	2.411703	.0020212	.0194209
56	2000	4.267447	2.438656	.0051112	.0243737
56	2001	4.277183	2.467751	.000722	-.0038413
56	2002	4.32059	2.498401	.0107775	-.0121285
56	2003	4.369062	2.552589	.0068483	-.0187363
56	2004	4.457978	2.616928	.0111659	-.0484859
56	2005	4.545237	2.660439	.0098724	-.0657004
56	2006	4.629517	2.727107	.0164159	-.0750806
56	2007	4.698688	2.731231	.0230904	-.043232
56	2008	4.682413	2.79184	.0206628	.0154412
56	2009	4.671499	2.691759	.0249729	.0425901
56	2010	4.626392	2.726605	.0083654	.0638836
56	2011	4.577907	2.73259	.0063635	.0461421
