st_cd	year	lhpi_real	lpci_real
1	1975	4.628499	1.864694
1	1976	4.659822	1.921818
1	1977	4.696801	1.946965
1	1978	4.71117	1.983719
1	1979	4.711843	1.979713
1	1980	4.60517	1.939461
1	1981	4.534422	1.92223
1	1982	4.474517	1.925556
1	1983	4.483244	1.951111
1	1984	4.49965	2.010376
1	1985	4.478674	2.026609
1	1986	4.505661	2.045588
1	1987	4.512012	2.055156
1	1988	4.504178	2.098679
1	1989	4.471966	2.127091
1	1990	4.446696	2.140221
1	1991	4.445951	2.157949
1	1992	4.466653	2.196642
1	1993	4.473806	2.189152
1	1994	4.486289	2.21207
1	1995	4.49819	2.228721
1	1996	4.505066	2.226619
1	1997	4.522999	2.246927
1	1998	4.558483	2.283387
1	1999	4.561781	2.293282
1	2000	4.552031	2.307734
1	2001	4.573765	2.32111
1	2002	4.591508	2.350672
1	2003	4.615843	2.37906
1	2004	4.640075	2.426147
1	2005	4.67736	2.436121
1	2006	4.728373	2.453074
1	2007	4.744216	2.460881
1	2008	4.727314	2.481192
1	2009	4.743457	2.478602
1	2010	4.696944	2.507051
1	2011	4.637874	2.50411
4	1975	4.54845	2.127881
4	1976	4.528265	2.153265
4	1977	4.540242	2.170092
4	1978	4.60343	2.195684
4	1979	4.65019	2.159541
4	1980	4.60517	2.130372
4	1981	4.560812	2.104775
4	1982	4.470544	2.071497
4	1983	4.512384	2.118392
4	1984	4.489109	2.159735
4	1985	4.483148	2.164998
4	1986	4.510178	2.188932
4	1987	4.489034	2.190925
4	1988	4.431419	2.192825
4	1989	4.36594	2.174851
4	1990	4.30559	2.147857
4	1991	4.292588	2.141408
4	1992	4.294823	2.147101
4	1993	4.296512	2.157335
4	1994	4.319923	2.183681
4	1995	4.360758	2.207284
4	1996	4.382024	2.219132
4	1997	4.403845	2.248261
4	1998	4.435806	2.290035
4	1999	4.4491	2.290044
4	2000	4.451687	2.300121
4	2001	4.471159	2.291494
4	2002	4.489753	2.293864
4	2003	4.50892	2.292657
4	2004	4.591103	2.318575
4	2005	4.813701	2.339009
4	2006	4.950523	2.364308
4	2007	4.918091	2.3741
4	2008	4.734901	2.37045
4	2009	4.568348	2.319046
4	2010	4.427402	2.311349
4	2011	4.283382	2.307669
5	1975	4.591192	1.928472
5	1976	4.630136	1.955636
5	1977	4.655696	1.980975
5	1978	4.668646	2.040917
5	1979	4.695296	1.994887
5	1980	4.60517	1.902257
5	1981	4.526133	1.918643
5	1982	4.478305	1.907286
5	1983	4.514261	1.937444
5	1984	4.497917	2.00241
5	1985	4.483516	2.022302
5	1986	4.506611	2.053169
5	1987	4.484585	2.055404
5	1988	4.447551	2.096466
5	1989	4.424555	2.130214
5	1990	4.384964	2.130885
5	1991	4.364302	2.137371
5	1992	4.3725	2.185627
5	1993	4.391965	2.189813
5	1994	4.419742	2.204596
5	1995	4.440389	2.219093
5	1996	4.448514	2.240872
5	1997	4.46091	2.253112
5	1998	4.482679	2.281641
5	1999	4.478957	2.29125
5	2000	4.460618	2.293759
5	2001	4.478691	2.320739
5	2002	4.498224	2.336948
5	2003	4.518186	2.373911
5	2004	4.56013	2.415199
5	2005	4.597757	2.412635
5	2006	4.629299	2.434978
5	2007	4.642729	2.477632
5	2008	4.597941	2.485325
5	2009	4.594373	2.471269
5	2010	4.565423	2.490149
5	2011	4.520398	2.491518
6	1975	4.185098	2.310565
6	1976	4.289917	2.329279
6	1977	4.449156	2.346612
6	1978	4.552945	2.378975
6	1979	4.610362	2.384141
6	1980	4.60517	2.343727
6	1981	4.603655	2.349406
6	1982	4.563184	2.343967
6	1983	4.556467	2.38313
6	1984	4.541296	2.430462
6	1985	4.548913	2.43184
6	1986	4.583776	2.444455
6	1987	4.641401	2.442718
6	1988	4.742416	2.462529
6	1989	4.883908	2.449985
6	1990	4.905159	2.439234
6	1991	4.861743	2.427374
6	1992	4.813792	2.431134
6	1993	4.749602	2.419099
6	1994	4.686077	2.435859
6	1995	4.652008	2.459091
6	1996	4.630997	2.480751
6	1997	4.641946	2.50339
6	1998	4.708047	2.559903
6	1999	4.761752	2.570319
6	2000	4.847018	2.602386
6	2001	4.934041	2.600212
6	2002	5.012486	2.61852
6	2003	5.103416	2.628115
6	2004	5.272758	2.649419
6	2005	5.436626	2.639801
6	2006	5.490948	2.662913
6	2007	5.403582	2.663974
6	2008	5.161587	2.662099
6	2009	5.034026	2.621017
6	2010	4.995575	2.623966
6	2011	4.920382	2.626471
8	1975	4.436317	2.203482
8	1976	4.463789	2.229089
8	1977	4.526484	2.232342
8	1978	4.625578	2.258333
8	1979	4.636292	2.221358
8	1980	4.60517	2.228723
8	1981	4.563172	2.23629
8	1982	4.575311	2.21429
8	1983	4.543567	2.232398
8	1984	4.509651	2.279656
8	1985	4.487412	2.29001
8	1986	4.503076	2.315094
8	1987	4.462685	2.315964
8	1988	4.415796	2.344742
8	1989	4.405037	2.394353
8	1990	4.384444	2.40025
8	1991	4.38283	2.402512
8	1992	4.41261	2.413155
8	1993	4.458443	2.418128
8	1994	4.530135	2.420635
8	1995	4.564098	2.434456
8	1996	4.587168	2.44731
8	1997	4.606956	2.460901
8	1998	4.641124	2.49204
8	1999	4.695746	2.518607
8	2000	4.767308	2.570007
8	2001	4.811238	2.577921
8	2002	4.840836	2.578277
8	2003	4.855771	2.584088
8	2004	4.889357	2.627435
8	2005	4.916757	2.647346
8	2006	4.912587	2.663967
8	2007	4.905396	2.670689
8	2008	4.860838	2.679868
8	2009	4.851505	2.636484
8	2010	4.80432	2.639585
8	2011	4.741893	2.636101
9	1975	4.454843	2.215701
9	1976	4.45686	2.22902
9	1977	4.45587	2.275661
9	1978	4.572667	2.317104
9	1979	4.674296	2.342777
9	1980	4.60517	2.356221
9	1981	4.58296	2.370786
9	1982	4.542312	2.38817
9	1983	4.58462	2.425081
9	1984	4.650576	2.487716
9	1985	4.758017	2.505036
9	1986	4.924365	2.532022
9	1987	5.102402	2.553618
9	1988	5.146785	2.607279
9	1989	5.078021	2.628703
9	1990	4.968009	2.604486
9	1991	4.874254	2.570077
9	1992	4.827811	2.591722
9	1993	4.781792	2.584016
9	1994	4.726072	2.589245
9	1995	4.695868	2.605268
9	1996	4.681263	2.605347
9	1997	4.669744	2.629624
9	1998	4.702391	2.668124
9	1999	4.735419	2.682823
9	2000	4.779528	2.722743
9	2001	4.838983	2.739214
9	2002	4.905203	2.7497
9	2003	4.956349	2.738092
9	2004	5.034952	2.760152
9	2005	5.112514	2.745548
9	2006	5.130873	2.789122
9	2007	5.106114	2.812633
9	2008	5.028487	2.815585
9	2009	4.96985	2.759098
9	2010	4.917865	2.789747
9	2011	4.861132	2.784872
10	1975	4.722105	2.134837
10	1976	4.715603	2.15722
10	1977	4.614646	2.168718
10	1978	4.605111	2.199951
10	1979	4.571344	2.192595
10	1980	4.60517	2.194666
10	1981	4.534422	2.185041
10	1982	4.51798	2.221494
10	1983	4.567473	2.266626
10	1984	4.587857	2.318191
10	1985	4.630644	2.350125
10	1986	4.712299	2.365331
10	1987	4.794775	2.382722
10	1988	4.850998	2.407211
10	1989	4.896953	2.446761
10	1990	4.871275	2.419683
10	1991	4.842356	2.424136
10	1992	4.823	2.413763
10	1993	4.803161	2.404293
10	1994	4.758434	2.395823
10	1995	4.734856	2.408633
10	1996	4.726624	2.431494
10	1997	4.717257	2.425763
10	1998	4.739206	2.482271
10	1999	4.754456	2.484516
10	2000	4.784689	2.527147
10	2001	4.828021	2.540803
10	2002	4.88577	2.572938
10	2003	4.946571	2.581138
10	2004	5.035706	2.592125
10	2005	5.139761	2.574303
10	2006	5.192631	2.591663
10	2007	5.195357	2.59384
10	2008	5.130102	2.590559
10	2009	5.082817	2.565645
10	2010	5.022338	2.564039
10	2011	4.940475	2.574888
11	1975	4.584262	2.633973
11	1976	4.605083	2.599237
11	1977	4.675808	2.600263
11	1978	4.716436	2.541238
11	1979	4.708872	2.438081
11	1980	4.60517	2.339688
11	1981	4.503613	2.278976
11	1982	4.366014	2.288316
11	1983	4.338899	2.31053
11	1984	4.340173	2.355534
11	1985	4.355146	2.369597
11	1986	4.421026	2.395618
11	1987	4.508034	2.398199
11	1988	4.616246	2.456553
11	1989	4.673943	2.470242
11	1990	4.648183	2.499437
11	1991	4.60233	2.509055
11	1992	4.588618	2.526086
11	1993	4.544923	2.535193
11	1994	4.486966	2.527336
11	1995	4.442993	2.509552
11	1996	4.427362	2.517904
11	1997	4.383846	2.519104
11	1998	4.423933	2.540548
11	1999	4.478906	2.521847
11	2000	4.579895	2.572559
11	2001	4.694361	2.683632
11	2002	4.812346	2.708521
11	2003	4.901536	2.732773
11	2004	5.054582	2.78035
11	2005	5.225398	2.804732
11	2006	5.300324	2.84886
11	2007	5.290147	2.87302
11	2008	5.187115	2.929838
11	2009	5.140217	2.903147
11	2010	5.124635	2.935379
11	2011	5.102731	2.9289
12	1975	4.729857	2.170145
12	1976	4.661245	2.17571
12	1977	4.637002	2.194648
12	1978	4.604325	2.169573
12	1979	4.632592	2.175946
12	1980	4.60517	2.169282
12	1981	4.568837	2.169956
12	1982	4.583624	2.146849
12	1983	4.580509	2.217819
12	1984	4.566946	2.273082
12	1985	4.55235	2.29824
12	1986	4.582901	2.331363
12	1987	4.576197	2.34481
12	1988	4.573555	2.370885
12	1989	4.571796	2.410578
12	1990	4.539083	2.400008
12	1991	4.522738	2.391942
12	1992	4.532911	2.410158
12	1993	4.521645	2.409602
12	1994	4.498029	2.409422
12	1995	4.484948	2.419833
12	1996	4.480747	2.42206
12	1997	4.477121	2.418461
12	1998	4.512431	2.461369
12	1999	4.538863	2.481338
12	2000	4.571444	2.507344
12	2001	4.635493	2.506546
12	2002	4.718447	2.536614
12	2003	4.789806	2.547582
12	2004	4.919516	2.583138
12	2005	5.099955	2.580133
12	2006	5.199998	2.599904
12	2007	5.135357	2.591949
12	2008	4.911767	2.583984
12	2009	4.76772	2.521484
12	2010	4.66013	2.554719
12	2011	4.548132	2.542223
13	1975	4.695729	1.946022
13	1976	4.674119	1.989246
13	1977	4.639655	2.009025
13	1978	4.651155	2.047014
13	1979	4.635983	2.033309
13	1980	4.60517	2.001075
13	1981	4.563625	1.991405
13	1982	4.552658	2.002291
13	1983	4.552305	2.038979
13	1984	4.566986	2.115602
13	1985	4.576653	2.13551
13	1986	4.615236	2.171176
13	1987	4.630554	2.181456
13	1988	4.63288	2.222802
13	1989	4.607505	2.230127
13	1990	4.568672	2.241168
13	1991	4.547349	2.248
13	1992	4.553893	2.286523
13	1993	4.546555	2.285072
13	1994	4.545605	2.314394
13	1995	4.553646	2.333858
13	1996	4.565272	2.352673
13	1997	4.5905	2.367857
13	1998	4.63547	2.402991
13	1999	4.672565	2.421216
13	2000	4.695976	2.449763
13	2001	4.734321	2.450394
13	2002	4.767466	2.46805
13	2003	4.790532	2.48173
13	2004	4.820953	2.506038
13	2005	4.845589	2.518823
13	2006	4.866592	2.524929
13	2007	4.865619	2.52916
13	2008	4.817549	2.525358
13	2009	4.80378	2.512593
13	2010	4.72173	2.519041
13	2011	4.619505	2.522031
16	1975	4.62089	2.093071
16	1976	4.639807	2.126976
16	1977	4.678577	2.107992
16	1978	4.736612	2.126312
16	1979	4.714229	2.091281
16	1980	4.60517	2.042259
16	1981	4.562378	2.010416
16	1982	4.484957	1.984033
16	1983	4.484877	2.046443
16	1984	4.468849	2.07464
16	1985	4.465141	2.092161
16	1986	4.467267	2.110852
16	1987	4.428443	2.139826
16	1988	4.395579	2.18413
16	1989	4.387368	2.212093
16	1990	4.386327	2.202193
16	1991	4.387325	2.174373
16	1992	4.417556	2.195838
16	1993	4.473651	2.230215
16	1994	4.51698	2.237818
16	1995	4.539786	2.248478
16	1996	4.539575	2.255841
16	1997	4.532129	2.238483
16	1998	4.539871	2.270509
16	1999	4.527532	2.282045
16	2000	4.508249	2.298345
16	2001	4.523975	2.307177
16	2002	4.534417	2.33131
16	2003	4.558732	2.33825
16	2004	4.616355	2.398775
16	2005	4.728452	2.394104
16	2006	4.848588	2.413417
16	2007	4.867765	2.408969
16	2008	4.803015	2.394877
16	2009	4.732146	2.340351
16	2010	4.633546	2.364009
16	2011	4.517664	2.370081
17	1975	4.616844	2.258446
17	1976	4.659123	2.286478
17	1977	4.759204	2.315049
17	1978	4.824264	2.328836
17	1979	4.732751	2.298249
17	1980	4.60517	2.24485
17	1981	4.563109	2.253456
17	1982	4.461704	2.261404
17	1983	4.453737	2.271237
17	1984	4.466364	2.334404
17	1985	4.476577	2.344644
17	1986	4.524545	2.373609
17	1987	4.578485	2.378895
17	1988	4.628321	2.420215
17	1989	4.652221	2.422781
17	1990	4.650457	2.428951
17	1991	4.648481	2.410614
17	1992	4.65564	2.450808
17	1993	4.659455	2.438759
17	1994	4.681105	2.460766
17	1995	4.688037	2.475904
17	1996	4.696079	2.498045
17	1997	4.698956	2.51187
17	1998	4.710812	2.542241
17	1999	4.729434	2.547427
17	2000	4.759129	2.579339
17	2001	4.791668	2.577835
17	2002	4.835504	2.601845
17	2003	4.869277	2.624492
17	2004	4.927495	2.64645
17	2005	4.982671	2.640523
17	2006	5.018543	2.677034
17	2007	5.001785	2.686617
17	2008	4.93074	2.697476
17	2009	4.879544	2.668873
17	2010	4.818641	2.682686
17	2011	4.748509	2.67987
18	1975	4.577297	2.086483
18	1976	4.578268	2.138426
18	1977	4.623868	2.170311
18	1978	4.697028	2.187962
18	1979	4.700336	2.158539
18	1980	4.60517	2.100224
18	1981	4.555925	2.099993
18	1982	4.479692	2.079171
18	1983	4.45973	2.093688
18	1984	4.435127	2.164039
18	1985	4.437816	2.175452
18	1986	4.469707	2.206909
18	1987	4.480472	2.218416
18	1988	4.489374	2.240543
18	1989	4.48269	2.263847
18	1990	4.463912	2.258506
18	1991	4.463485	2.245824
18	1992	4.474873	2.287355
18	1993	4.481209	2.294835
18	1994	4.502726	2.322311
18	1995	4.519709	2.320882
18	1996	4.541409	2.336804
18	1997	4.555892	2.346176
18	1998	4.57876	2.387319
18	1999	4.589793	2.395884
18	2000	4.589241	2.428595
18	2001	4.61214	2.426807
18	2002	4.624426	2.440912
18	2003	4.633377	2.46933
18	2004	4.63962	2.485275
18	2005	4.646644	2.46845
18	2006	4.642603	2.491692
18	2007	4.625299	2.482984
18	2008	4.586248	2.4895
18	2009	4.584514	2.472394
18	2010	4.552782	2.482267
18	2011	4.512284	2.493463
19	1975	4.574262	2.13719
19	1976	4.629517	2.124836
19	1977	4.677993	2.154796
19	1978	4.722929	2.213337
19	1979	4.71239	2.165007
19	1980	4.60517	2.117099
19	1981	4.433349	2.126141
19	1982	4.328943	2.077943
19	1983	4.358691	2.090901
19	1984	4.335346	2.175524
19	1985	4.319964	2.180426
19	1986	4.323503	2.215335
19	1987	4.303547	2.231809
19	1988	4.275595	2.208395
19	1989	4.283012	2.244839
19	1990	4.29291	2.253806
19	1991	4.311629	2.250024
19	1992	4.319547	2.279691
19	1993	4.338374	2.240044
19	1994	4.377093	2.297503
19	1995	4.406621	2.302844
19	1996	4.419162	2.352027
19	1997	4.435688	2.362789
19	1998	4.464457	2.391226
19	1999	4.475626	2.385974
19	2000	4.475247	2.415209
19	2001	4.489163	2.40312
19	2002	4.507837	2.436315
19	2003	4.526465	2.446534
19	2004	4.543332	2.494347
19	2005	4.564556	2.477428
19	2006	4.575553	2.500854
19	2007	4.572586	2.528352
19	2008	4.542513	2.563349
19	2009	4.54884	2.552111
19	2010	4.525401	2.557888
19	2011	4.489902	2.599394
20	1975	4.567791	2.157279
20	1976	4.60441	2.182299
20	1977	4.654016	2.188622
20	1978	4.692966	2.2083
20	1979	4.659062	2.193697
20	1980	4.60517	2.153621
20	1981	4.53249	2.18381
20	1982	4.502577	2.213684
20	1983	4.469865	2.212234
20	1984	4.43782	2.271549
20	1985	4.42379	2.286089
20	1986	4.450599	2.329118
20	1987	4.43612	2.321497
20	1988	4.407635	2.324415
20	1989	4.3853	2.329951
20	1990	4.351791	2.357401
20	1991	4.321615	2.352499
20	1992	4.325654	2.392331
20	1993	4.327576	2.394475
20	1994	4.367514	2.411883
20	1995	4.392251	2.407711
20	1996	4.39583	2.422585
20	1997	4.408663	2.440253
20	1998	4.444823	2.488049
20	1999	4.480475	2.503237
20	2000	4.490397	2.522621
20	2001	4.509981	2.535945
20	2002	4.542264	2.547636
20	2003	4.558595	2.577409
20	2004	4.580679	2.593012
20	2005	4.599546	2.594406
20	2006	4.605685	2.636732
20	2007	4.610865	2.659714
20	2008	4.578144	2.705928
20	2009	4.577774	2.664221
20	2010	4.546781	2.65551
20	2011	4.496904	2.668095
21	1975	4.636617	1.937899
21	1976	4.620991	1.980358
21	1977	4.633171	2.011968
21	1978	4.697713	2.041724
21	1979	4.686208	2.026942
21	1980	4.60517	1.970324
21	1981	4.560314	1.987683
21	1982	4.521885	2.002658
21	1983	4.496804	1.984139
21	1984	4.481541	2.06747
21	1985	4.479487	2.074167
21	1986	4.515977	2.091585
21	1987	4.528938	2.101649
21	1988	4.541165	2.150517
21	1989	4.552383	2.177716
21	1990	4.54473	2.195705
21	1991	4.537149	2.211536
21	1992	4.549479	2.248972
21	1993	4.557278	2.242769
21	1994	4.592753	2.259737
21	1995	4.616249	2.264088
21	1996	4.618248	2.271048
21	1997	4.634126	2.288897
21	1998	4.664823	2.331018
21	1999	4.692276	2.351114
21	2000	4.694757	2.388911
21	2001	4.709605	2.378425
21	2002	4.732201	2.403569
21	2003	4.751083	2.412876
21	2004	4.776762	2.439726
21	2005	4.80093	2.443099
21	2006	4.808356	2.470397
21	2007	4.810508	2.480036
21	2008	4.78526	2.490873
21	2009	4.781188	2.490031
21	2010	4.749731	2.490957
21	2011	4.702175	2.488557
22	1975	4.406208	1.923924
22	1976	4.444396	1.970687
22	1977	4.466637	2.000886
22	1978	4.56426	2.044216
22	1979	4.653462	2.042808
22	1980	4.60517	2.037186
22	1981	4.592491	2.06181
22	1982	4.577293	2.073024
22	1983	4.560377	2.081621
22	1984	4.512039	2.109289
22	1985	4.444187	2.109279
22	1986	4.429445	2.101674
22	1987	4.347997	2.082056
22	1988	4.247246	2.109676
22	1989	4.202459	2.125635
22	1990	4.161506	2.155127
22	1991	4.148214	2.165522
22	1992	4.168596	2.196896
22	1993	4.187809	2.206824
22	1994	4.224288	2.240159
22	1995	4.243153	2.248306
22	1996	4.26485	2.249621
22	1997	4.284801	2.266084
22	1998	4.321192	2.300128
22	1999	4.337908	2.296411
22	2000	4.339317	2.310257
22	2001	4.364144	2.354368
22	2002	4.386402	2.372348
22	2003	4.412552	2.386138
22	2004	4.439487	2.407084
22	2005	4.473025	2.435918
22	2006	4.544799	2.510423
22	2007	4.567131	2.55707
22	2008	4.536129	2.564369
22	2009	4.539531	2.544809
22	2010	4.509678	2.563174
22	2011	4.470347	2.559866
23	1975	4.596093	1.912843
23	1976	4.524915	1.961957
23	1977	4.632864	1.983447
23	1978	4.68004	2.017544
23	1979	4.718206	2.01498
23	1980	4.60517	2.008214
23	1981	4.593775	1.989343
23	1982	4.571009	2.019929
23	1983	4.580532	2.05187
23	1984	4.652079	2.106734
23	1985	4.718178	2.127204
23	1986	4.831943	2.16934
23	1987	4.952343	2.190771
23	1988	4.999396	2.212064
23	1989	4.988183	2.224849
23	1990	4.914761	2.202997
23	1991	4.842442	2.181851
23	1992	4.814969	2.204223
23	1993	4.783118	2.201907
23	1994	4.749629	2.230971
23	1995	4.735011	2.248881
23	1996	4.734997	2.268371
23	1997	4.727263	2.28116
23	1998	4.754635	2.320043
23	1999	4.787783	2.335022
23	2000	4.826276	2.346695
23	2001	4.877952	2.362275
23	2002	4.94665	2.381898
23	2003	4.997305	2.389584
23	2004	5.087583	2.413454
23	2005	5.162095	2.387487
23	2006	5.173825	2.40475
23	2007	5.170972	2.425496
23	2008	5.12352	2.435997
23	2009	5.090557	2.451346
23	2010	5.044024	2.455376
23	2011	4.999436	2.464443
24	1975	4.808525	2.464957
24	1976	4.791671	2.452978
24	1977	4.753698	2.416625
24	1978	4.757337	2.393137
24	1979	4.703764	2.317874
24	1980	4.60517	2.250028
24	1981	4.544665	2.200315
24	1982	4.472838	2.204137
24	1983	4.453164	2.244473
24	1984	4.453144	2.281846
24	1985	4.459791	2.31679
24	1986	4.510131	2.350832
24	1987	4.577751	2.35405
24	1988	4.64675	2.385805
24	1989	4.685668	2.376633
24	1990	4.66292	2.356679
24	1991	4.629416	2.341122
24	1992	4.613787	2.344386
24	1993	4.585413	2.335382
24	1994	4.5487	2.34093
24	1995	4.519316	2.334975
24	1996	4.50203	2.334296
24	1997	4.470201	2.323625
24	1998	4.486481	2.374724
24	1999	4.496231	2.399277
24	2000	4.517999	2.437937
24	2001	4.569899	2.459393
24	2002	4.645907	2.4812
24	2003	4.719673	2.49087
24	2004	4.8571	2.524649
24	2005	5.011338	2.521875
24	2006	5.095647	2.538414
24	2007	5.077193	2.539813
24	2008	4.960468	2.553302
24	2009	4.865603	2.536718
24	2010	4.802814	2.547289
24	2011	4.732545	2.544264
25	1975	4.553175	2.127778
25	1976	4.504873	2.128282
25	1977	4.502987	2.158024
25	1978	4.578635	2.204816
25	1979	4.627471	2.20487
25	1980	4.60517	2.199555
25	1981	4.621443	2.19026
25	1982	4.639607	2.255865
25	1983	4.699724	2.294914
25	1984	4.844534	2.367007
25	1985	5.022668	2.388447
25	1986	5.204517	2.42725
25	1987	5.300027	2.453311
25	1988	5.291625	2.493428
25	1989	5.238315	2.477326
25	1990	5.140508	2.45318
25	1991	5.041865	2.440679
25	1992	5.007208	2.465147
25	1993	4.981277	2.463931
25	1994	4.967139	2.494872
25	1995	4.964098	2.511579
25	1996	4.970273	2.5287
25	1997	4.985906	2.545424
25	1998	5.030969	2.578804
25	1999	5.105485	2.595883
25	2000	5.198184	2.628603
25	2001	5.270053	2.637712
25	2002	5.358963	2.661177
25	2003	5.413102	2.649554
25	2004	5.492046	2.671599
25	2005	5.548474	2.670195
25	2006	5.525939	2.711708
25	2007	5.475345	2.730509
25	2008	5.39101	2.749777
25	2009	5.354979	2.733731
25	2010	5.323574	2.745183
25	2011	5.282491	2.745101
26	1975	4.566984	2.180917
26	1976	4.550731	2.231187
26	1977	4.567145	2.269721
26	1978	4.647128	2.28873
26	1979	4.701435	2.259317
26	1980	4.60517	2.192882
26	1981	4.545002	2.174335
26	1982	4.437494	2.186965
26	1983	4.397429	2.218935
26	1984	4.372358	2.289148
26	1985	4.382721	2.325208
26	1986	4.448347	2.368025
26	1987	4.521546	2.361887
26	1988	4.557636	2.384185
26	1989	4.569409	2.395013
26	1990	4.569168	2.384796
26	1991	4.572608	2.378415
26	1992	4.586812	2.417938
26	1993	4.587106	2.424299
26	1994	4.605546	2.461386
26	1995	4.642583	2.460794
26	1996	4.692528	2.464151
26	1997	4.74121	2.47814
26	1998	4.779482	2.510438
26	1999	4.819148	2.519163
26	2000	4.853693	2.542081
26	2001	4.883624	2.545992
26	2002	4.90091	2.549427
26	2003	4.914444	2.57498
26	2004	4.937731	2.577765
26	2005	4.942641	2.563554
26	2006	4.899572	2.560518
26	2007	4.842445	2.568049
26	2008	4.747272	2.57489
26	2009	4.683599	2.544905
26	2010	4.609676	2.567422
26	2011	4.542394	2.576596
27	1975	4.442195	2.130257
27	1976	4.480858	2.140137
27	1977	4.528317	2.184829
27	1978	4.605095	2.203371
27	1979	4.633655	2.185637
27	1980	4.60517	2.175887
27	1981	4.488881	2.152354
27	1982	4.438745	2.129236
27	1983	4.458852	2.163644
27	1984	4.442836	2.25717
27	1985	4.433113	2.272838
27	1986	4.459396	2.314242
27	1987	4.478832	2.333596
27	1988	4.463286	2.322366
27	1989	4.452478	2.357837
27	1990	4.430392	2.364417
27	1991	4.432139	2.364962
27	1992	4.430134	2.384454
27	1993	4.4364	2.36373
27	1994	4.445949	2.395981
27	1995	4.469137	2.41654
27	1996	4.485646	2.44239
27	1997	4.510348	2.463569
27	1998	4.549654	2.519841
27	1999	4.596712	2.539839
27	2000	4.655387	2.556147
27	2001	4.716582	2.547218
27	2002	4.785566	2.570211
27	2003	4.839746	2.598765
27	2004	4.899287	2.623492
27	2005	4.950121	2.608035
27	2006	4.962472	2.639555
27	2007	4.931471	2.651989
27	2008	4.848217	2.66345
27	2009	4.802204	2.632372
27	2010	4.73308	2.651806
27	2011	4.650357	2.647692
28	1975	4.690109	1.777497
28	1976	4.672451	1.83424
28	1977	4.660649	1.87194
28	1978	4.705476	1.884514
28	1979	4.707144	1.891523
28	1980	4.60517	1.841026
28	1981	4.527575	1.848307
28	1982	4.493696	1.855211
28	1983	4.523002	1.859663
28	1984	4.498694	1.912918
28	1985	4.518282	1.927608
28	1986	4.524027	1.945085
28	1987	4.488	1.965459
28	1988	4.434645	1.997422
28	1989	4.390598	2.023073
28	1990	4.352315	2.018408
28	1991	4.3275	2.029013
28	1992	4.334528	2.063878
28	1993	4.335128	2.082848
28	1994	4.361237	2.122539
28	1995	4.380585	2.132668
28	1996	4.393415	2.152099
28	1997	4.407382	2.170204
28	1998	4.442657	2.20804
28	1999	4.461375	2.215866
28	2000	4.458642	2.232882
28	2001	4.48204	2.264956
28	2002	4.49154	2.274741
28	2003	4.500906	2.294487
28	2004	4.512126	2.319893
28	2005	4.534979	2.345712
28	2006	4.586896	2.351051
28	2007	4.608162	2.379072
28	2008	4.571121	2.38825
28	2009	4.559391	2.375772
28	2010	4.512794	2.38265
28	2011	4.466295	2.380621
29	1975	4.609222	2.084018
29	1976	4.603907	2.112728
29	1977	4.624841	2.146359
29	1978	4.688464	2.162467
29	1979	4.675568	2.145352
29	1980	4.60517	2.094823
29	1981	4.49941	2.111766
29	1982	4.429752	2.105128
29	1983	4.453463	2.15189
29	1984	4.484955	2.222366
29	1985	4.509368	2.243581
29	1986	4.548483	2.275665
29	1987	4.576414	2.285229
29	1988	4.573738	2.307902
29	1989	4.539927	2.312785
29	1990	4.49716	2.300311
29	1991	4.480325	2.319176
29	1992	4.483501	2.355704
29	1993	4.482518	2.365109
29	1994	4.499692	2.38792
29	1995	4.517238	2.394118
29	1996	4.529504	2.407044
29	1997	4.548075	2.431766
29	1998	4.577465	2.47184
29	1999	4.604846	2.482389
29	2000	4.626668	2.510145
29	2001	4.658913	2.512285
29	2002	4.701736	2.546234
29	2003	4.720748	2.564047
29	2004	4.742829	2.567624
29	2005	4.774541	2.552065
29	2006	4.796853	2.582654
29	2007	4.796735	2.600517
29	2008	4.756601	2.638619
29	2009	4.734612	2.609617
29	2010	4.685884	2.603267
29	2011	4.627602	2.60432
30	1975	4.528735	2.130478
30	1976	4.569613	2.132074
30	1977	4.647906	2.114519
30	1978	4.753276	2.174087
30	1979	4.743358	2.122445
30	1980	4.60517	2.071409
30	1981	4.526758	2.090607
30	1982	4.50495	2.08208
30	1983	4.494874	2.109508
30	1984	4.551825	2.126135
30	1985	4.500809	2.113676
30	1986	4.494856	2.162094
30	1987	4.423316	2.170454
30	1988	4.405715	2.162943
30	1989	4.374309	2.206481
30	1990	4.347436	2.189493
30	1991	4.345618	2.196833
30	1992	4.400213	2.195904
30	1993	4.469387	2.222847
30	1994	4.536962	2.196189
30	1995	4.573492	2.19871
30	1996	4.589536	2.200587
30	1997	4.584641	2.20151
30	1998	4.589556	2.241107
30	1999	4.584805	2.235907
30	2000	4.586234	2.260227
30	2001	4.605199	2.305002
30	2002	4.640072	2.314918
30	2003	4.687096	2.35606
30	2004	4.769357	2.401395
30	2005	4.858893	2.413183
30	2006	4.931367	2.434934
30	2007	4.961703	2.439327
30	2008	4.933742	2.454475
30	2009	4.908247	2.409332
30	2010	4.864901	2.441229
30	2011	4.812983	2.450054
31	1975	4.585387	2.163799
31	1976	4.610231	2.148282
31	1977	4.656924	2.144894
31	1978	4.671241	2.219472
31	1979	4.666772	2.146762
31	1980	4.60517	2.080691
31	1981	4.522381	2.154679
31	1982	4.532754	2.162679
31	1983	4.499059	2.166213
31	1984	4.47014	2.243005
31	1985	4.452151	2.265519
31	1986	4.469844	2.290095
31	1987	4.434089	2.295709
31	1988	4.408919	2.320856
31	1989	4.399911	2.33249
31	1990	4.402575	2.3621
31	1991	4.394542	2.356613
31	1992	4.416306	2.381518
31	1993	4.433969	2.374
31	1994	4.483142	2.408376
31	1995	4.509351	2.42119
31	1996	4.520006	2.458941
31	1997	4.541873	2.442262
31	1998	4.574226	2.487565
31	1999	4.602209	2.516859
31	2000	4.596766	2.53184
31	2001	4.60429	2.54669
31	2002	4.625974	2.569801
31	2003	4.638963	2.622108
31	2004	4.665129	2.634893
31	2005	4.68342	2.63142
31	2006	4.676942	2.635283
31	2007	4.667061	2.674403
31	2008	4.632133	2.713342
31	2009	4.630922	2.683051
31	2010	4.601664	2.685876
31	2011	4.563658	2.711947
32	1975	4.407798	2.294358
32	1976	4.439394	2.321974
32	1977	4.511423	2.338386
32	1978	4.606452	2.370321
32	1979	4.691817	2.370534
32	1980	4.60517	2.330103
32	1981	4.578206	2.289884
32	1982	4.565309	2.257401
32	1983	4.533261	2.294232
32	1984	4.469771	2.304722
32	1985	4.439456	2.311623
32	1986	4.453329	2.32315
32	1987	4.436496	2.32836
32	1988	4.409352	2.358534
32	1989	4.409352	2.370013
32	1990	4.437606	2.369192
32	1991	4.453743	2.372782
32	1992	4.458616	2.400187
32	1993	4.455643	2.402522
32	1994	4.455645	2.436061
32	1995	4.469698	2.458537
32	1996	4.476116	2.476567
32	1997	4.464724	2.478483
32	1998	4.463235	2.494636
32	1999	4.433414	2.487534
32	2000	4.419669	2.484143
32	2001	4.429656	2.443697
32	2002	4.475479	2.449036
32	2003	4.543137	2.481748
32	2004	4.781754	2.539897
32	2005	4.972754	2.584412
32	2006	5.023432	2.579277
32	2007	4.945515	2.577462
32	2008	4.698792	2.568897
32	2009	4.482337	2.467383
32	2010	4.324184	2.451709
32	2011	4.154098	2.446923
33	1975	4.433226	2.010237
33	1976	4.524459	2.039212
33	1977	4.564548	2.077905
33	1978	4.60922	2.136264
33	1979	4.687428	2.154081
33	1980	4.60517	2.159177
33	1981	4.527806	2.163115
33	1982	4.517941	2.222038
33	1983	4.553293	2.260293
33	1984	4.641345	2.320603
33	1985	4.777488	2.348511
33	1986	4.957807	2.388016
33	1987	5.055651	2.416923
33	1988	5.031148	2.433123
33	1989	4.978219	2.422275
33	1990	4.855617	2.371516
33	1991	4.7288	2.376332
33	1992	4.672386	2.390116
33	1993	4.637626	2.377505
33	1994	4.611979	2.424098
33	1995	4.601356	2.447356
33	1996	4.605767	2.482038
33	1997	4.614767	2.47115
33	1998	4.654945	2.523391
33	1999	4.713411	2.536915
33	2000	4.796709	2.57836
33	2001	4.870716	2.565539
33	2002	4.957532	2.584826
33	2003	5.010153	2.57497
33	2004	5.089042	2.60376
33	2005	5.156547	2.582727
33	2006	5.155379	2.612485
33	2007	5.121784	2.632527
33	2008	5.041953	2.634907
33	2009	4.98889	2.621017
33	2010	4.937893	2.63903
33	2011	4.879797	2.642348
34	1975	4.464371	2.194171
34	1976	4.431614	2.214722
34	1977	4.43367	2.244166
34	1978	4.493314	2.290497
34	1979	4.587709	2.299365
34	1980	4.60517	2.307871
34	1981	4.55812	2.318368
34	1982	4.545992	2.338228
34	1983	4.539995	2.374247
34	1984	4.6227	2.423668
34	1985	4.727622	2.440115
34	1986	4.884372	2.463532
34	1987	5.033759	2.473755
34	1988	5.075906	2.524786
34	1989	5.02678	2.536618
34	1990	4.933045	2.529322
34	1991	4.853619	2.505602
34	1992	4.82941	2.531666
34	1993	4.813496	2.517698
34	1994	4.785847	2.51942
34	1995	4.761837	2.547617
34	1996	4.751747	2.56561
34	1997	4.744194	2.588516
34	1998	4.76968	2.619066
34	1999	4.799177	2.62455
34	2000	4.854212	2.677307
34	2001	4.923481	2.682393
34	2002	5.012154	2.695077
34	2003	5.082938	2.687535
34	2004	5.186738	2.700653
34	2005	5.294382	2.685483
34	2006	5.341027	2.725827
34	2007	5.313457	2.741868
34	2008	5.223711	2.755065
34	2009	5.151617	2.714572
34	2010	5.102491	2.723791
34	2011	5.037936	2.721022
35	1975	4.529527	2.011419
35	1976	4.562852	2.037277
35	1977	4.622324	2.048532
35	1978	4.63473	2.064506
35	1979	4.640242	2.022427
35	1980	4.60517	2.010493
35	1981	4.610613	2.00092
35	1982	4.634436	1.977547
35	1983	4.582532	1.99694
35	1984	4.538738	2.037332
35	1985	4.532254	2.071027
35	1986	4.561512	2.090084
35	1987	4.54121	2.086482
35	1988	4.497975	2.106982
35	1989	4.494909	2.141113
35	1990	4.462523	2.155601
35	1991	4.453755	2.170632
35	1992	4.470209	2.178062
35	1993	4.489655	2.180713
35	1994	4.544026	2.178306
35	1995	4.567684	2.184104
35	1996	4.559442	2.181092
35	1997	4.546298	2.177738
35	1998	4.546289	2.207957
35	1999	4.529905	2.195916
35	2000	4.501876	2.212862
35	2001	4.498672	2.26005
35	2002	4.51519	2.262003
35	2003	4.553849	2.285632
35	2004	4.623118	2.342566
35	2005	4.715529	2.369247
35	2006	4.805846	2.379796
35	2007	4.846896	2.402685
35	2008	4.797579	2.432971
35	2009	4.765124	2.410577
35	2010	4.710701	2.422529
35	2011	4.632066	2.413441
36	1975	4.630316	2.162376
36	1976	4.529582	2.170557
36	1977	4.572292	2.200805
36	1978	4.553862	2.23532
36	1979	4.594611	2.239732
36	1980	4.60517	2.240178
36	1981	4.556345	2.24738
36	1982	4.634149	2.27252
36	1983	4.644024	2.31209
36	1984	4.750636	2.363451
36	1985	4.876976	2.383584
36	1986	5.01148	2.411868
36	1987	5.118047	2.414581
36	1988	5.149139	2.46714
36	1989	5.106989	2.475119
36	1990	5.04093	2.49118
36	1991	4.986497	2.451594
36	1992	4.972571	2.458401
36	1993	4.948767	2.440206
36	1994	4.904092	2.444981
36	1995	4.874435	2.467218
36	1996	4.864908	2.480402
36	1997	4.852246	2.502233
36	1998	4.886098	2.521665
36	1999	4.922934	2.53147
36	2000	4.979761	2.555224
36	2001	5.044381	2.544659
36	2002	5.118744	2.558607
36	2003	5.18547	2.563085
36	2004	5.270364	2.589628
36	2005	5.356472	2.602174
36	2006	5.385622	2.633259
36	2007	5.365496	2.663923
36	2008	5.300513	2.673923
36	2009	5.254526	2.640881
36	2010	5.211475	2.674127
36	2011	5.164782	2.668959
37	1975	4.904495	2.201002
37	1976	4.83143	2.188819
37	1977	4.805854	2.154103
37	1978	4.791007	2.138522
37	1979	4.72261	2.054429
37	1980	4.60517	1.96851
37	1981	4.515389	1.93961
37	1982	4.468808	1.933095
37	1983	4.463283	1.965914
37	1984	4.477189	2.02864
37	1985	4.507626	2.047022
37	1986	4.543775	2.084253
37	1987	4.556803	2.091402
37	1988	4.546094	2.120144
37	1989	4.515813	2.124194
37	1990	4.471198	2.108046
37	1991	4.441429	2.090943
37	1992	4.43413	2.122771
37	1993	4.424326	2.127363
37	1994	4.43696	2.139467
37	1995	4.451616	2.150171
37	1996	4.462847	2.161936
37	1997	4.468594	2.168955
37	1998	4.504505	2.204467
37	1999	4.521374	2.226109
37	2000	4.525812	2.251028
37	2001	4.551867	2.244497
37	2002	4.55943	2.242952
37	2003	4.562317	2.242132
37	2004	4.57276	2.269481
37	2005	4.596268	2.265873
37	2006	4.632257	2.269121
37	2007	4.650159	2.267809
37	2008	4.619499	2.263203
37	2009	4.597185	2.231866
37	2010	4.537184	2.234109
37	2011	4.470966	2.232328
38	1975	4.602244	2.176585
38	1976	4.66064	2.086335
38	1977	4.700475	2.058007
38	1978	4.671713	2.199521
38	1979	4.715719	2.111423
38	1980	4.60517	1.934416
38	1981	4.586246	2.087698
38	1982	4.271107	2.082092
38	1983	4.392206	2.104913
38	1984	4.474339	2.145087
38	1985	4.40313	2.145668
38	1986	4.402592	2.160571
38	1987	4.370271	2.169262
38	1988	4.289152	2.038527
38	1989	4.264129	2.129033
38	1990	4.242422	2.189832
38	1991	4.241676	2.180786
38	1992	4.246772	2.238927
38	1993	4.263249	2.204796
38	1994	4.292385	2.257275
38	1995	4.316223	2.219572
38	1996	4.321784	2.304857
38	1997	4.321348	2.252199
38	1998	4.354955	2.344634
38	1999	4.33926	2.325886
38	2000	4.317344	2.371281
38	2001	4.330325	2.369366
38	2002	4.356027	2.390347
38	2003	4.389894	2.464435
38	2004	4.430502	2.45121
38	2005	4.480683	2.478251
38	2006	4.526102	2.486604
38	2007	4.551005	2.550565
38	2008	4.544209	2.633419
38	2009	4.564127	2.617636
38	2010	4.557968	2.673179
38	2011	4.561358	2.726879
39	1975	4.612682	2.138936
39	1976	4.634451	2.186285
39	1977	4.668931	2.218477
39	1978	4.72309	2.24433
39	1979	4.718295	2.215274
39	1980	4.60517	2.168597
39	1981	4.521278	2.148739
39	1982	4.428919	2.134943
39	1983	4.392511	2.122167
39	1984	4.376023	2.191909
39	1985	4.375331	2.218978
39	1986	4.409657	2.248679
39	1987	4.447136	2.253963
39	1988	4.473814	2.287059
39	1989	4.472196	2.297277
39	1990	4.465795	2.302046
39	1991	4.465783	2.286472
39	1992	4.489698	2.321643
39	1993	4.502438	2.325325
39	1994	4.519938	2.349097
39	1995	4.541017	2.358992
39	1996	4.563618	2.361843
39	1997	4.579264	2.38871
39	1998	4.601593	2.42137
39	1999	4.621178	2.438623
39	2000	4.625088	2.453366
39	2001	4.648315	2.44868
39	2002	4.679631	2.482308
39	2003	4.694921	2.504656
39	2004	4.699922	2.504348
39	2005	4.701592	2.490944
39	2006	4.690653	2.517481
39	2007	4.65938	2.522496
39	2008	4.603942	2.529094
39	2009	4.595494	2.525903
39	2010	4.550465	2.530724
39	2011	4.489056	2.540892
40	1975	4.437274	2.076356
40	1976	4.489674	2.09521
40	1977	4.532228	2.11409
40	1978	4.635998	2.140935
40	1979	4.666758	2.151919
40	1980	4.60517	2.111425
40	1981	4.569882	2.131696
40	1982	4.607277	2.145816
40	1983	4.619067	2.13378
40	1984	4.538432	2.170405
40	1985	4.463337	2.177321
40	1986	4.427187	2.194485
40	1987	4.321088	2.164824
40	1988	4.217227	2.187911
40	1989	4.207241	2.223821
40	1990	4.171074	2.222617
40	1991	4.159742	2.210008
40	1992	4.169733	2.240925
40	1993	4.182097	2.245068
40	1994	4.19613	2.251541
40	1995	4.20406	2.254178
40	1996	4.216792	2.272525
40	1997	4.229253	2.295308
40	1998	4.263056	2.328685
40	1999	4.274072	2.337583
40	2000	4.270573	2.374757
40	2001	4.290822	2.406521
40	2002	4.315825	2.409616
40	2003	4.335423	2.423566
40	2004	4.361602	2.478247
40	2005	4.37779	2.489196
40	2006	4.396728	2.539306
40	2007	4.423308	2.557023
40	2008	4.402473	2.61593
40	2009	4.416405	2.542356
40	2010	4.405429	2.582185
40	2011	4.361321	2.599319
41	1975	4.430773	2.18707
41	1976	4.495317	2.223888
41	1977	4.610489	2.219191
41	1978	4.693739	2.230711
41	1979	4.690817	2.200209
41	1980	4.60517	2.163898
41	1981	4.459188	2.151307
41	1982	4.454903	2.152058
41	1983	4.454029	2.214938
41	1984	4.407288	2.261106
41	1985	4.363195	2.26696
41	1986	4.360325	2.29366
41	1987	4.345921	2.315406
41	1988	4.348567	2.36294
41	1989	4.383281	2.367882
41	1990	4.461343	2.375106
41	1991	4.502866	2.353464
41	1992	4.536159	2.348179
41	1993	4.576724	2.355857
41	1994	4.648448	2.379614
41	1995	4.708955	2.41357
41	1996	4.747206	2.426382
41	1997	4.775479	2.430419
41	1998	4.805661	2.459877
41	1999	4.79874	2.461035
41	2000	4.796222	2.486888
41	2001	4.82666	2.490908
41	2002	4.860652	2.526431
41	2003	4.894032	2.546376
41	2004	4.958876	2.553771
41	2005	5.086965	2.541046
41	2006	5.215364	2.575517
41	2007	5.234869	2.580204
41	2008	5.168743	2.590021
41	2009	5.08139	2.550499
41	2010	4.998823	2.5572
41	2011	4.901534	2.561315
42	1975	4.706817	2.132442
42	1976	4.714468	2.172074
42	1977	4.702281	2.196698
42	1978	4.693298	2.208641
42	1979	4.69265	2.19961
42	1980	4.60517	2.166193
42	1981	4.536138	2.16223
42	1982	4.510457	2.183508
42	1983	4.491776	2.173777
42	1984	4.509833	2.219782
42	1985	4.551195	2.257046
42	1986	4.634581	2.294314
42	1987	4.748483	2.313354
42	1988	4.842308	2.359037
42	1989	4.859238	2.387611
42	1990	4.834657	2.395133
42	1991	4.812975	2.399192
42	1992	4.803788	2.405547
42	1993	4.792217	2.405928
42	1994	4.75957	2.401959
42	1995	4.736254	2.40499
42	1996	4.730421	2.421318
42	1997	4.719659	2.43771
42	1998	4.740391	2.490143
42	1999	4.744256	2.502893
42	2000	4.74631	2.528659
42	2001	4.784444	2.522931
42	2002	4.838553	2.561185
42	2003	4.884368	2.57738
42	2004	4.952128	2.590683
42	2005	5.026423	2.573718
42	2006	5.070989	2.602271
42	2007	5.070872	2.616868
42	2008	5.016863	2.621505
42	2009	4.990656	2.601883
42	2010	4.955727	2.616104
42	2011	4.893482	2.606238
44	1975	4.553185	2.050654
44	1976	4.532047	2.058903
44	1977	4.549463	2.096416
44	1978	4.627834	2.121315
44	1979	4.656785	2.120671
44	1980	4.60517	2.133574
44	1981	4.512354	2.135639
44	1982	4.496437	2.174326
44	1983	4.548427	2.204729
44	1984	4.570243	2.256694
44	1985	4.653214	2.275528
44	1986	4.819702	2.304972
44	1987	5.045566	2.311171
44	1988	5.115405	2.347623
44	1989	5.098961	2.371384
44	1990	5.030099	2.339767
44	1991	4.951587	2.309371
44	1992	4.910367	2.330252
44	1993	4.877783	2.336789
44	1994	4.834198	2.349562
44	1995	4.813234	2.376936
44	1996	4.791572	2.382139
44	1997	4.771514	2.397959
44	1998	4.786784	2.420484
44	1999	4.803792	2.423162
44	2000	4.860923	2.434068
44	2001	4.925209	2.451917
44	2002	5.043018	2.480546
44	2003	5.142519	2.492933
44	2004	5.285431	2.510601
44	2005	5.380239	2.504241
44	2006	5.390417	2.527412
44	2007	5.345774	2.557581
44	2008	5.232603	2.569805
44	2009	5.160684	2.563694
44	2010	5.103441	2.585648
44	2011	5.035611	2.590663
45	1975	4.63181	1.861905
45	1976	4.634349	1.908746
45	1977	4.633047	1.920468
45	1978	4.644955	1.953714
45	1979	4.65423	1.947909
45	1980	4.60517	1.922788
45	1981	4.581543	1.908065
45	1982	4.557121	1.909699
45	1983	4.540243	1.945038
45	1984	4.529055	2.017069
45	1985	4.526543	2.030586
45	1986	4.543225	2.051861
45	1987	4.553095	2.069268
45	1988	4.55919	2.114339
45	1989	4.550927	2.131861
45	1990	4.539767	2.147438
45	1991	4.53572	2.150548
45	1992	4.548719	2.17902
45	1993	4.539958	2.180205
45	1994	4.542538	2.206662
45	1995	4.54752	2.216443
45	1996	4.55776	2.227673
45	1997	4.581789	2.249861
45	1998	4.622266	2.291479
45	1999	4.651216	2.31175
45	2000	4.660193	2.344782
45	2001	4.687917	2.337484
45	2002	4.711645	2.359396
45	2003	4.730952	2.376424
45	2004	4.762295	2.408088
45	2005	4.805621	2.413436
45	2006	4.853785	2.438424
45	2007	4.867959	2.441363
45	2008	4.84511	2.452111
45	2009	4.851961	2.44947
45	2010	4.797184	2.46198
45	2011	4.732983	2.461592
46	1975	4.627956	2.097882
46	1976	4.571473	2.005362
46	1977	4.58519	2.077042
46	1978	4.615502	2.122527
46	1979	4.622803	2.109532
46	1980	4.60517	1.9876
46	1981	4.432121	2.030682
46	1982	4.389598	1.986135
46	1983	4.414428	2.016469
46	1984	4.433799	2.112676
46	1985	4.392807	2.096877
46	1986	4.427429	2.130423
46	1987	4.419116	2.149189
46	1988	4.350001	2.136646
46	1989	4.336316	2.164254
46	1990	4.331639	2.213541
46	1991	4.35766	2.224643
46	1992	4.382979	2.252229
46	1993	4.417932	2.244139
46	1994	4.457984	2.285168
46	1995	4.478281	2.261767
46	1996	4.489851	2.332911
46	1997	4.506491	2.317111
46	1998	4.528668	2.371789
46	1999	4.530903	2.379821
46	2000	4.528386	2.404669
46	2001	4.543516	2.423805
46	2002	4.569091	2.429721
46	2003	4.592368	2.509362
46	2004	4.62021	2.537162
46	2005	4.661691	2.53226
46	2006	4.692372	2.523808
46	2007	4.704948	2.582362
46	2008	4.693717	2.637857
46	2009	4.704535	2.604477
46	2010	4.67786	2.622661
46	2011	4.64728	2.694373
47	1975	4.679154	1.977651
47	1976	4.646605	2.016621
47	1977	4.673584	2.037754
47	1978	4.695928	2.063915
47	1979	4.672206	2.041091
47	1980	4.60517	1.99796
47	1981	4.581	2.032574
47	1982	4.525726	2.022567
47	1983	4.512606	2.024384
47	1984	4.502823	2.099294
47	1985	4.556223	2.136295
47	1986	4.611416	2.18731
47	1987	4.637576	2.208029
47	1988	4.626886	2.248069
47	1989	4.599619	2.265018
47	1990	4.559325	2.276012
47	1991	4.535991	2.281504
47	1992	4.546706	2.333347
47	1993	4.552634	2.347245
47	1994	4.566956	2.359962
47	1995	4.596161	2.382912
47	1996	4.626879	2.391195
47	1997	4.654037	2.410921
47	1998	4.685944	2.451587
47	1999	4.691452	2.462957
47	2000	4.683722	2.481634
47	2001	4.712703	2.497226
47	2002	4.728951	2.523173
47	2003	4.742254	2.541858
47	2004	4.765068	2.568748
47	2005	4.799645	2.567617
47	2006	4.831905	2.570373
47	2007	4.850623	2.580253
47	2008	4.81868	2.577714
47	2009	4.808257	2.559214
47	2010	4.760742	2.579693
47	2011	4.706604	2.580783
48	1975	4.494985	2.109322
48	1976	4.502311	2.130556
48	1977	4.547151	2.142046
48	1978	4.598464	2.176788
48	1979	4.615441	2.157335
48	1980	4.60517	2.146282
48	1981	4.597572	2.177722
48	1982	4.627896	2.177687
48	1983	4.618087	2.200371
48	1984	4.598415	2.25961
48	1985	4.578857	2.291614
48	1986	4.60294	2.317479
48	1987	4.511868	2.30817
48	1988	4.42979	2.339097
48	1989	4.391429	2.350844
48	1990	4.348924	2.36119
48	1991	4.334642	2.358632
48	1992	4.337379	2.386492
48	1993	4.333337	2.386466
48	1994	4.321567	2.390607
48	1995	4.326379	2.419183
48	1996	4.332048	2.447303
48	1997	4.334881	2.489166
48	1998	4.372199	2.538507
48	1999	4.411915	2.566025
48	2000	4.43454	2.602542
48	2001	4.469401	2.600542
48	2002	4.501579	2.61341
48	2003	4.50385	2.618082
48	2004	4.495955	2.636997
48	2005	4.503641	2.655085
48	2006	4.531506	2.679784
48	2007	4.565329	2.70984
48	2008	4.554883	2.74394
48	2009	4.556899	2.686321
48	2010	4.527398	2.710387
48	2011	4.483584	2.715325
49	1975	4.515663	2.026903
49	1976	4.552958	2.067425
49	1977	4.616519	2.081904
49	1978	4.694088	2.096808
49	1979	4.676792	2.048033
49	1980	4.60517	2.024853
49	1981	4.569704	2.009634
49	1982	4.505235	1.985276
49	1983	4.468696	1.996622
49	1984	4.431274	2.043195
49	1985	4.429544	2.060732
49	1986	4.444122	2.085038
49	1987	4.394892	2.080226
49	1988	4.341005	2.093984
49	1989	4.338518	2.134247
49	1990	4.326948	2.141836
49	1991	4.344972	2.151359
49	1992	4.371335	2.155734
49	1993	4.433632	2.155018
49	1994	4.543976	2.160494
49	1995	4.61316	2.168466
49	1996	4.661514	2.190359
49	1997	4.688532	2.209805
49	1998	4.714454	2.241046
49	1999	4.697646	2.243859
49	2000	4.668426	2.273242
49	2001	4.665514	2.278558
49	2002	4.659662	2.284804
49	2003	4.665439	2.292184
49	2004	4.694763	2.33764
49	2005	4.764996	2.367786
49	2006	4.876895	2.388095
49	2007	4.970402	2.415557
49	2008	4.920158	2.430837
49	2009	4.845318	2.388709
49	2010	4.764248	2.38535
49	2011	4.676268	2.381495
50	1975	4.646369	1.931037
50	1976	4.571289	1.963698
50	1977	4.592893	1.973127
50	1978	4.700716	2.047207
50	1979	4.651849	2.04856
50	1980	4.60517	2.027227
50	1981	4.415014	2.033404
50	1982	4.547779	2.071366
50	1983	4.526656	2.086466
50	1984	4.539496	2.132874
50	1985	4.574047	2.15489
50	1986	4.655259	2.189821
50	1987	4.746207	2.210764
50	1988	4.820912	2.226807
50	1989	4.846467	2.251021
50	1990	4.803615	2.222836
50	1991	4.750506	2.199499
50	1992	4.735195	2.236568
50	1993	4.715845	2.233312
50	1994	4.706346	2.263156
50	1995	4.687205	2.278925
50	1996	4.67326	2.291958
50	1997	4.655649	2.302542
50	1998	4.65634	2.350538
50	1999	4.672563	2.377453
50	2000	4.701553	2.401351
50	2001	4.733159	2.407712
50	2002	4.780485	2.418984
50	2003	4.813308	2.427191
50	2004	4.9113	2.455133
50	2005	5.009212	2.431322
50	2006	5.056789	2.470437
50	2007	5.064033	2.498686
50	2008	5.029652	2.513016
50	2009	5.017522	2.522245
50	2010	4.991942	2.540121
50	2011	4.961643	2.547361
51	1975	4.88298	2.344719
51	1976	4.812044	2.331343
51	1977	4.787633	2.309986
51	1978	4.775021	2.292601
51	1979	4.697864	2.231898
51	1980	4.60517	2.166994
51	1981	4.510783	2.127676
51	1982	4.443296	2.128596
51	1983	4.483081	2.16909
51	1984	4.475244	2.215323
51	1985	4.482524	2.230121
51	1986	4.520494	2.264038
51	1987	4.573153	2.270208
51	1988	4.638124	2.29495
51	1989	4.656029	2.292464
51	1990	4.604576	2.265916
51	1991	4.554931	2.252219
51	1992	4.536065	2.260112
51	1993	4.511357	2.256099
51	1994	4.487614	2.263495
51	1995	4.466513	2.263109
51	1996	4.453386	2.263876
51	1997	4.43202	2.269362
51	1998	4.450519	2.29675
51	1999	4.472206	2.315918
51	2000	4.50608	2.350245
51	2001	4.56307	2.380019
51	2002	4.623316	2.396333
51	2003	4.673935	2.414761
51	2004	4.784478	2.440258
51	2005	4.920166	2.444271
51	2006	4.984385	2.462475
51	2007	4.966056	2.473198
51	2008	4.876524	2.470259
51	2009	4.822939	2.44602
51	2010	4.771433	2.457144
51	2011	4.716554	2.454899
53	1975	4.327885	2.247706
53	1976	4.406118	2.282065
53	1977	4.509019	2.287351
53	1978	4.638066	2.308428
53	1979	4.680476	2.304418
53	1980	4.60517	2.247495
53	1981	4.526299	2.23095
53	1982	4.46293	2.237647
53	1983	4.462229	2.287374
53	1984	4.454003	2.316486
53	1985	4.454254	2.334262
53	1986	4.472797	2.379458
53	1987	4.480987	2.391071
53	1988	4.501805	2.420784
53	1989	4.583637	2.440298
53	1990	4.709585	2.431891
53	1991	4.717744	2.428767
53	1992	4.72231	2.441524
53	1993	4.733407	2.442336
53	1994	4.746194	2.44329
53	1995	4.749661	2.445818
53	1996	4.746377	2.465302
53	1997	4.751549	2.479278
53	1998	4.788627	2.514116
53	1999	4.810672	2.525441
53	2000	4.825334	2.557277
53	2001	4.849225	2.553821
53	2002	4.872982	2.565723
53	2003	4.899859	2.583093
53	2004	4.977904	2.635651
53	2005	5.097763	2.619566
53	2006	5.206656	2.650406
53	2007	5.236406	2.66923
53	2008	5.170736	2.688148
53	2009	5.079441	2.63988
53	2010	5.010965	2.648263
53	2011	4.921688	2.653069
54	1975	4.794154	2.170375
54	1976	4.741005	2.158576
54	1977	4.771075	2.148295
54	1978	4.743847	2.131437
54	1979	4.643553	2.057052
54	1980	4.60517	1.95685
54	1981	4.412264	1.90404
54	1982	4.293859	1.892055
54	1983	4.25	1.880322
54	1984	4.177636	1.907044
54	1985	4.133497	1.907134
54	1986	4.147331	1.919446
54	1987	4.11288	1.907959
54	1988	4.073177	1.93893
54	1989	4.046333	1.938857
54	1990	4.008732	1.948223
54	1991	3.99116	1.945649
54	1992	4.000555	1.978582
54	1993	4.008492	1.971635
54	1994	4.028642	1.980619
54	1995	4.036453	1.977364
54	1996	4.037679	1.982289
54	1997	4.02784	1.980497
54	1998	4.059506	2.022964
54	1999	4.058506	2.030283
54	2000	4.04357	2.049215
54	2001	4.070742	2.086028
54	2002	4.082592	2.107167
54	2003	4.092474	2.106308
54	2004	4.123915	2.114753
54	2005	4.173405	2.097718
54	2006	4.199242	2.131254
54	2007	4.188142	2.129741
54	2008	4.145488	2.139478
54	2009	4.128185	2.145864
54	2010	4.101925	2.158792
54	2011	4.055878	2.164356
55	1975	4.62502	2.148389
55	1976	4.597063	2.171901
55	1977	4.672114	2.208381
55	1978	4.73705	2.229619
55	1979	4.715664	2.213443
55	1980	4.60517	2.170652
55	1981	4.482582	2.140791
55	1982	4.380626	2.147812
55	1983	4.434626	2.151551
55	1984	4.414162	2.205065
55	1985	4.408628	2.219587
55	1986	4.439105	2.265833
55	1987	4.434417	2.273791
55	1988	4.442338	2.285562
55	1989	4.454809	2.31655
55	1990	4.460898	2.316187
55	1991	4.461397	2.299886
55	1992	4.477426	2.326129
55	1993	4.490514	2.324063
55	1994	4.541583	2.342959
55	1995	4.574222	2.351638
55	1996	4.594962	2.369838
55	1997	4.61941	2.3972
55	1998	4.641257	2.450272
55	1999	4.669465	2.469049
55	2000	4.699335	2.493877
55	2001	4.732447	2.513184
55	2002	4.768525	2.544199
55	2003	4.79415	2.558388
55	2004	4.857795	2.580709
55	2005	4.905488	2.573755
55	2006	4.914422	2.599813
55	2007	4.906313	2.609397
55	2008	4.849524	2.602812
55	2009	4.823421	2.589898
55	2010	4.763867	2.590964
55	2011	4.704252	2.585335
56	1975	4.419071	2.271748
56	1976	4.510108	2.281521
56	1977	4.570455	2.32202
56	1978	4.639014	2.368833
56	1979	4.675646	2.325223
56	1980	4.60517	2.319147
56	1981	4.608301	2.299212
56	1982	4.544559	2.271854
56	1983	4.438257	2.178326
56	1984	4.328032	2.203451
56	1985	4.274734	2.228954
56	1986	4.26755	2.240556
56	1987	4.136443	2.212177
56	1988	4.047184	2.22105
56	1989	4.051048	2.295832
56	1990	4.084104	2.342943
56	1991	4.098066	2.345626
56	1992	4.123599	2.350063
56	1993	4.155262	2.341734
56	1994	4.20979	2.330944
56	1995	4.241977	2.318478
56	1996	4.256392	2.302018
56	1997	4.254246	2.332395
56	1998	4.26491	2.37831
56	1999	4.264072	2.411703
56	2000	4.267447	2.438656
56	2001	4.277183	2.467751
56	2002	4.32059	2.498401
56	2003	4.369062	2.552589
56	2004	4.457978	2.616928
56	2005	4.545237	2.660439
56	2006	4.629517	2.727107
56	2007	4.698688	2.731231
56	2008	4.682413	2.79184
56	2009	4.671499	2.691759
56	2010	4.626392	2.726605
56	2011	4.577907	2.73259
